Date,Open,High,Low,Close,Volume,Dividends,Stock Splits,Capital Gains
2012-02-02 00:00:00-05:00,19.92859121066388,19.93639279466879,19.89737892150879,19.89737892150879,700,0.0,0.0,0.0
2012-02-03 00:00:00-05:00,20.14707269576215,20.14707269576215,20.115861892700195,20.115861892700195,3400,0.0,0.0,0.0
2012-02-06 00:00:00-05:00,19.944190551195227,20.061233627763386,19.944190551195227,19.97540283203125,2300,0.0,0.0,0.0
2012-02-07 00:00:00-05:00,20.857128485102475,20.857128485102475,19.912979334189654,20.08464241027832,1600,0.0,0.0,0.0
2012-02-08 00:00:00-05:00,20.139260609204175,20.498194357614583,20.139260609204175,20.186079025268555,15300,0.0,0.0,0.0
2012-02-09 00:00:00-05:00,20.1704759580099,20.30312518049134,20.1704759580099,20.209489822387695,3000,0.0,0.0,0.0
2012-02-10 00:00:00-05:00,20.12365885310834,20.12365885310834,19.741315841674805,19.741315841674805,4400,0.0,0.0,0.0
2012-02-13 00:00:00-05:00,20.248504975530576,20.248504975530576,19.99100960363719,20.037826538085938,2200,0.0,0.0,0.0
2012-02-14 00:00:00-05:00,19.912979875725092,19.912979875725092,19.72571065445826,19.780330657958984,7400,0.0,0.0,0.0
2012-02-15 00:00:00-05:00,20.48259213245994,20.48259213245994,19.889572143554688,19.889572143554688,4500,0.0,0.0,0.0
2012-02-16 00:00:00-05:00,19.88957044167786,20.061233520507812,19.88957044167786,20.061233520507812,600,0.0,0.0,0.0
2012-02-17 00:00:00-05:00,20.599634657825593,20.599634657825593,19.991010032096902,20.006614685058594,3600,0.0,0.0,0.0
2012-02-21 00:00:00-05:00,20.006614685058594,20.006614685058594,20.006614685058594,20.006614685058594,0,0.0,0.0,0.0
2012-02-22 00:00:00-05:00,20.209492324986247,20.38115692138672,20.162675384278714,20.38115692138672,1800,0.0,0.0,0.0
2012-02-23 00:00:00-05:00,20.24850210007703,20.26410675048828,20.209486753340645,20.26410675048828,600,0.0,0.0,0.0
2012-02-24 00:00:00-05:00,20.443572775550994,20.443572775550994,20.30312051481336,20.349937438964844,3200,0.0,0.0,0.0
2012-02-27 00:00:00-05:00,20.108049512936795,20.28751564025879,20.108049512936795,20.28751564025879,2400,0.0,0.0,0.0
2012-02-28 00:00:00-05:00,20.209490129337855,20.40456243075672,20.209490129337855,20.29532241821289,3900,0.0,0.0,0.0
2012-02-29 00:00:00-05:00,20.506000237763484,20.506000237763484,20.045629501342773,20.045629501342773,2100,0.0,0.0,0.0
2012-03-01 00:00:00-05:00,20.20948971515367,20.21729278564453,20.20948971515367,20.21729278564453,1300,0.0,0.0,0.0
2012-03-02 00:00:00-05:00,20.232898926626252,20.310928143251335,20.15486971000117,20.21729278564453,3900,0.0,0.0,0.0
2012-03-05 00:00:00-05:00,20.006609990622252,20.006609990622252,19.772523880004883,19.772523880004883,800,0.0,0.0,0.0
2012-03-06 00:00:00-05:00,19.70229984760595,19.70229984760595,19.117083020449336,19.195112228393555,6600,0.0,0.0,0.0
2012-03-07 00:00:00-05:00,19.468216157074636,19.468216157074636,19.35897465691972,19.45261001586914,16000,0.0,0.0,0.0
2012-03-08 00:00:00-05:00,19.58525952617194,19.764725687810913,19.58525952617194,19.725711822509766,1300,0.0,0.0,0.0
2012-03-09 00:00:00-05:00,19.663289148870934,19.889572251175043,19.663289148870934,19.88176918029785,6000,0.0,0.0,0.0
2012-03-12 00:00:00-04:00,19.88176918029785,19.88176918029785,19.88176918029785,19.88176918029785,0,0.0,0.0,0.0
2012-03-13 00:00:00-04:00,19.80373985265363,19.889572143554688,19.639879829970074,19.889572143554688,46200,0.0,0.0,0.0
2012-03-14 00:00:00-04:00,19.655487060546875,19.655487060546875,19.655487060546875,19.655487060546875,200,0.0,0.0,0.0
2012-03-15 00:00:00-04:00,19.80373330070094,19.86615635844478,19.80373330070094,19.842748641967773,600,0.0,0.0,0.0
2012-03-16 00:00:00-04:00,20.17827796936035,20.17827796936035,20.17827796936035,20.17827796936035,100,0.0,0.0,0.0
2012-03-19 00:00:00-04:00,20.50600054947963,20.50600054947963,20.178279028542164,20.209489822387695,6600,0.0,0.0,0.0
2012-03-20 00:00:00-04:00,20.11585595256758,20.209489822387695,20.11585595256758,20.209489822387695,1400,0.0,0.0,0.0
2012-03-21 00:00:00-04:00,20.14706399656358,20.162670135498047,20.14706399656358,20.162670135498047,700,0.0,0.0,0.0
2012-03-22 00:00:00-04:00,19.998811614435976,20.076840832378604,19.920783884776895,20.006614685058594,1500,0.0,0.0,0.0
2012-03-23 00:00:00-04:00,20.123661041259766,20.123661041259766,20.123661041259766,20.123661041259766,200,0.0,0.0,0.0
2012-03-26 00:00:00-04:00,20.630845396191358,20.630845396191358,20.334334687858558,20.45918083190918,1200,0.0,0.0,0.0
2012-03-27 00:00:00-04:00,20.63864911508713,20.63864911508713,20.334335327148438,20.334335327148438,1100,0.0,0.0,0.0
2012-03-28 00:00:00-04:00,20.33433565089712,20.3967587258788,20.045629487213162,20.232898712158203,6700,0.0,0.0,0.0
2012-03-29 00:00:00-04:00,20.287521220559693,20.287521220559693,19.897376581702776,19.9285888671875,2200,0.0,0.0,0.0
2012-03-30 00:00:00-04:00,20.24069903072975,20.28751595853011,20.24069903072975,20.26410675048828,1800,0.0,0.0,0.0
2012-04-02 00:00:00-04:00,20.5918284393299,20.5918284393299,20.357742309570312,20.357742309570312,1900,0.0,0.0,0.0
2012-04-03 00:00:00-04:00,20.638646313961196,20.638646313961196,20.28751564025879,20.28751564025879,5000,0.0,0.0,0.0
2012-04-04 00:00:00-04:00,20.12365627644521,20.162670135498047,20.115853206977977,20.162670135498047,900,0.0,0.0,0.0
2012-04-05 00:00:00-04:00,20.225095748901367,20.248504960249832,20.225095748901367,20.225095748901367,2000,0.0,0.0,0.0
2012-04-09 00:00:00-04:00,19.998810573455103,19.998810573455103,19.60086441040039,19.60086441040039,3400,0.0,0.0,0.0
2012-04-10 00:00:00-04:00,19.89737430633833,19.89737430633833,19.304354344496577,19.366777420043945,3300,0.0,0.0,0.0
2012-04-11 00:00:00-04:00,19.515030965264064,19.522834035016274,19.351169477034407,19.46821403503418,14600,0.0,0.0,0.0
2012-04-12 00:00:00-04:00,19.46821403503418,19.46821403503418,19.46821403503418,19.46821403503418,0,0.0,0.0,0.0
2012-04-13 00:00:00-04:00,19.74131647566009,19.827148765262887,19.686696468925057,19.725711822509766,2200,0.0,0.0,0.0
2012-04-16 00:00:00-04:00,19.663286849353398,19.663286849353398,19.53844070648566,19.61646842956543,3000,0.0,0.0,0.0
2012-04-17 00:00:00-04:00,19.81154441833496,19.81154441833496,19.81154441833496,19.81154441833496,1400,0.0,0.0,0.0
2012-04-18 00:00:00-04:00,19.671089695761175,19.850557339920176,19.671089695761175,19.741315841674805,38700,0.0,0.0,0.0
2012-04-19 00:00:00-04:00,19.873963994782546,19.959796277015265,19.71010398864746,19.71010398864746,19300,0.0,0.0,0.0
2012-04-20 00:00:00-04:00,19.873966001884753,19.905178285224622,19.772529057597346,19.889572143554688,21500,0.0,0.0,0.0
2012-04-23 00:00:00-04:00,19.819344432632143,19.819344432632143,19.405792128950367,19.491622924804688,7400,0.0,0.0,0.0
2012-04-24 00:00:00-04:00,19.210721909980485,19.655486542506093,19.210721909980485,19.58526039123535,4300,0.0,0.0,0.0
2012-04-25 00:00:00-04:00,19.89737361822466,19.97540283203125,19.850556685254087,19.97540283203125,2600,0.0,0.0,0.0
2012-04-26 00:00:00-04:00,19.920785903930664,19.920785903930664,19.920785903930664,19.920785903930664,300,0.0,0.0,0.0
2012-04-27 00:00:00-04:00,19.99881728843696,20.15487576859863,19.975409558211485,20.115861892700195,8200,0.0,0.0,0.0
2012-04-30 00:00:00-04:00,20.006615446104355,20.006615446104355,19.780332342574894,19.873966217041016,3300,0.0,0.0,0.0
2012-05-01 00:00:00-04:00,20.100249385378916,20.24070167541504,20.100249385378916,20.24070167541504,300,0.0,0.0,0.0
2012-05-02 00:00:00-04:00,20.06904080978767,20.147070039581163,20.06123773797994,20.139266967773438,15000,0.0,0.0,0.0
2012-05-03 00:00:00-04:00,19.96759796142578,19.96759796142578,19.96759796142578,19.96759796142578,300,0.0,0.0,0.0
2012-05-04 00:00:00-04:00,19.74911892782245,19.74911892782245,19.554046630859375,19.554046630859375,3300,0.0,0.0,0.0
2012-05-07 00:00:00-04:00,19.57745499424578,19.593061134514866,19.45260884866002,19.50722885131836,3500,0.0,0.0,0.0
2012-05-08 00:00:00-04:00,19.08587230866711,19.444806099361102,19.08587230866711,19.405792236328125,6500,0.0,0.0,0.0
2012-05-09 00:00:00-04:00,19.08587158515164,19.24973307790206,19.02344851369515,19.24193000793457,2000,0.0,0.0,0.0
2012-05-10 00:00:00-04:00,19.163907172317096,19.936393496701292,19.10928715265618,19.117090225219727,1600,0.0,0.0,0.0
2012-05-11 00:00:00-04:00,19.15610070985578,19.249736075764552,19.085874557495117,19.085874557495117,5200,0.0,0.0,0.0
2012-05-14 00:00:00-04:00,18.726943089702807,18.92201541355388,18.726943089702807,18.867395401000977,9600,0.0,0.0,0.0
2012-05-15 00:00:00-04:00,18.641106919180814,18.820574550943817,18.641106919180814,18.687925338745117,4600,0.0,0.0,0.0
2012-05-16 00:00:00-04:00,18.531872869781875,18.531872869781875,18.485055923461914,18.485055923461914,1000,0.0,0.0,0.0
2012-05-17 00:00:00-04:00,18.992236432141528,18.992236432141528,18.446033477783203,18.446033477783203,1400,0.0,0.0,0.0
2012-05-18 00:00:00-04:00,18.211952469725276,18.211952469725276,18.009077072143555,18.009077072143555,2200,0.0,0.0,0.0
2012-05-21 00:00:00-04:00,18.141724564542308,18.368009155207346,18.141724564542308,18.289979934692383,2600,0.0,0.0,0.0
2012-05-22 00:00:00-04:00,18.570880889892578,18.570880889892578,18.570880889892578,18.570880889892578,200,0.0,0.0,0.0
2012-05-23 00:00:00-04:00,17.899831771850586,17.899831771850586,17.899831771850586,17.899831771850586,100,0.0,0.0,0.0
2012-05-24 00:00:00-04:00,18.321192670592882,18.321192670592882,18.180740356445312,18.180740356445312,1300,0.0,0.0,0.0
2012-05-25 00:00:00-04:00,18.313385856250303,18.313385856250303,18.180736640918138,18.282175064086914,3000,0.0,0.0,0.0
2012-05-29 00:00:00-04:00,18.485048932542142,18.54747200012207,18.469442793576327,18.54747200012207,3300,0.0,0.0,0.0
2012-05-30 00:00:00-04:00,18.39921919103658,18.446036126099806,18.391416120478787,18.42262840270996,4500,0.0,0.0,0.0
2012-05-31 00:00:00-04:00,18.34460236752986,18.438236253898353,18.328996223707183,18.36020851135254,3100,0.0,0.0,0.0
2012-06-01 00:00:00-04:00,17.970060468046178,17.970060468046178,17.853015899658203,17.853015899658203,2000,0.0,0.0,0.0
2012-06-04 00:00:00-04:00,17.681350495678817,17.696956634521484,17.681350495678817,17.696956634521484,200,0.0,0.0,0.0
2012-06-05 00:00:00-04:00,18.38361573751262,18.38361573751262,17.81400489807129,17.81400489807129,300,0.0,0.0,0.0
2012-06-06 00:00:00-04:00,18.399222382625446,18.422631598359462,18.36020851135254,18.36020851135254,500,0.0,0.0,0.0
2012-06-07 00:00:00-04:00,18.72693856311781,18.750347772103716,18.516260147094727,18.516260147094727,4200,0.0,0.0,0.0
2012-06-08 00:00:00-04:00,18.196346794061288,18.297785239600728,18.165135995014843,18.266572952270508,1700,0.0,0.0,0.0
2012-06-11 00:00:00-04:00,18.929814235096707,18.929814235096707,18.110509765897167,18.11831283569336,1800,0.0,0.0,0.0
2012-06-12 00:00:00-04:00,18.258764373189912,18.258764373189912,18.250961303710938,18.250961303710938,1600,0.0,0.0,0.0
2012-06-13 00:00:00-04:00,18.055894869918042,18.055894869918042,17.977867126464844,17.977867126464844,1700,0.0,0.0,0.0
2012-06-14 00:00:00-04:00,17.97786383029248,18.243160788303033,17.97786383029248,18.126117706298828,5800,0.0,0.0,0.0
2012-06-15 00:00:00-04:00,18.360201841142906,18.407018767318693,18.258763431431575,18.399215698242188,2600,0.0,0.0,0.0
2012-06-18 00:00:00-04:00,18.414825439453125,18.539671592538216,18.414825439453125,18.414825439453125,800,0.0,0.0,0.0
2012-06-19 00:00:00-04:00,18.77375932561901,18.77375932561901,18.703533172607422,18.703533172607422,1400,0.0,0.0,0.0
2012-06-20 00:00:00-04:00,18.96102523803711,18.96102523803711,18.96102523803711,18.96102523803711,300,0.0,0.0,0.0
2012-06-21 00:00:00-04:00,18.259283473217852,18.259283473217852,18.06260871887207,18.06260871887207,1100,0.198,0.0,0.0
2012-06-22 00:00:00-04:00,18.314357725478942,18.314357725478942,17.724333331622773,18.267154693603516,2100,0.0,0.0,0.0
2012-06-25 00:00:00-04:00,18.30649085094805,18.432362603641792,18.30649085094805,18.369426727294922,2100,0.0,0.0,0.0
2012-06-26 00:00:00-04:00,18.691972108189237,18.707706451416016,18.644770579018456,18.707706451416016,2200,0.0,0.0,0.0
2012-06-27 00:00:00-04:00,19.0853246007935,19.0853246007935,19.077457427978516,19.077457427978516,200,0.0,0.0,0.0
2012-06-28 00:00:00-04:00,19.077457427978516,19.077457427978516,19.077457427978516,19.077457427978516,0,0.0,0.0,0.0
2012-06-29 00:00:00-04:00,19.5101375579834,19.5101375579834,19.5101375579834,19.5101375579834,200,0.0,0.0,0.0
2012-07-02 00:00:00-04:00,19.580946608069922,19.58881378173828,19.580946608069922,19.58881378173828,800,0.0,0.0,0.0
2012-07-03 00:00:00-04:00,19.376402882946383,19.83268841184353,19.376402882946383,19.81695556640625,800,0.0,0.0,0.0
2012-07-05 00:00:00-04:00,19.533743947839643,19.777620315551758,19.423606523810275,19.777620315551758,3300,0.0,0.0,0.0
2012-07-06 00:00:00-04:00,19.321338653564453,19.321338653564453,19.321338653564453,19.321338653564453,300,0.0,0.0,0.0
2012-07-09 00:00:00-04:00,19.392140330420112,19.392140330420112,19.061726515234625,19.148263931274414,7400,0.0,0.0,0.0
2012-07-10 00:00:00-04:00,19.281996660879823,19.919222562624665,18.888647079467773,18.888647079467773,6100,0.0,0.0,0.0
2012-07-11 00:00:00-04:00,18.990921915079316,19.053857803344727,18.990921915079316,19.053857803344727,200,0.0,0.0,0.0
2012-07-12 00:00:00-04:00,18.888651681473675,19.10106086730957,18.888651681473675,19.10106086730957,1600,0.0,0.0,0.0
2012-07-13 00:00:00-04:00,19.1875969009723,19.297735831665882,19.1875969009723,19.258399963378906,600,0.0,0.0,0.0
2012-07-16 00:00:00-04:00,19.045993428984733,19.289871344802737,19.045993428984733,19.140398025512695,2800,0.0,0.0,0.0
2012-07-17 00:00:00-04:00,19.46293595096149,19.636009216308594,19.46293595096149,19.636009216308594,3600,0.0,0.0,0.0
2012-07-18 00:00:00-04:00,19.809088106520278,19.809088106520278,19.494408694685163,19.714683532714844,2700,0.0,0.0,0.0
2012-07-19 00:00:00-04:00,19.74615478515625,19.872026566215396,19.730420437396358,19.74615478515625,5900,0.0,0.0,0.0
2012-07-20 00:00:00-04:00,19.71468180058856,19.71468180058856,19.4393367767334,19.4393367767334,2700,0.0,0.0,0.0
2012-07-23 00:00:00-04:00,19.29773712158203,19.29773712158203,19.29773712158203,19.29773712158203,200,0.0,0.0,0.0
2012-07-24 00:00:00-04:00,19.28199805709249,19.28199805709249,19.045987390849945,19.23479652404785,9300,0.0,0.0,0.0
2012-07-25 00:00:00-04:00,19.14826530953738,19.344940177958666,19.14826530953738,19.321338653564453,2000,0.0,0.0,0.0
2012-07-26 00:00:00-04:00,19.525879157242187,19.620283746865436,19.486544786863362,19.580947875976562,2100,0.0,0.0,0.0
2012-07-27 00:00:00-04:00,19.77761950132199,20.092300415039062,19.769752328428083,20.092300415039062,9900,0.0,0.0,0.0
2012-07-30 00:00:00-04:00,19.87989096343151,19.990028381347656,19.87989096343151,19.990028381347656,1000,0.0,0.0,0.0
2012-07-31 00:00:00-04:00,20.34404583659411,20.34404583659411,19.7382869720459,19.7382869720459,5200,0.0,0.0,0.0
2012-08-01 00:00:00-04:00,19.856287002563477,19.856287002563477,19.856287002563477,19.856287002563477,800,0.0,0.0,0.0
2012-08-02 00:00:00-04:00,19.714688390407026,19.754024264397383,19.282004280084262,19.321338653564453,14400,0.0,0.0,0.0
2012-08-03 00:00:00-04:00,19.58094117556815,19.895622032958197,19.58094117556815,19.667478561401367,2000,0.0,0.0,0.0
2012-08-06 00:00:00-04:00,20.076568706607894,20.076568706607894,19.903493881225586,19.903493881225586,1000,0.0,0.0,0.0
2012-08-07 00:00:00-04:00,20.029365285768584,20.09230267600211,19.97429656982422,19.97429656982422,4500,0.0,0.0,0.0
2012-08-08 00:00:00-04:00,19.934962576935096,20.281110727189716,19.872026686026075,19.903493881225586,30900,0.0,0.0,0.0
2012-08-09 00:00:00-04:00,20.060830083169634,20.34404228215395,19.950692672680034,20.147367477416992,7500,0.0,0.0,0.0
2012-08-10 00:00:00-04:00,19.98216399678754,20.131637299466128,19.97429682290867,20.02936553955078,17300,0.0,0.0,0.0
2012-08-13 00:00:00-04:00,20.100167355547946,20.100167355547946,19.982162755714004,20.084434509277344,41600,0.0,0.0,0.0
2012-08-14 00:00:00-04:00,20.2181708908578,20.241770907524568,19.966425875837846,20.07656478881836,18000,0.0,0.0,0.0
2012-08-15 00:00:00-04:00,19.9900278281786,20.02149651843228,19.832687377929688,19.832687377929688,64300,0.0,0.0,0.0
2012-08-16 00:00:00-04:00,20.029361298664238,20.273239135742188,20.029361298664238,20.273239135742188,7200,0.0,0.0,0.0
2012-08-17 00:00:00-04:00,20.27323974713962,20.27323974713962,20.170968005794332,20.233903884887695,7600,0.0,0.0,0.0
2012-08-20 00:00:00-04:00,20.367643210785825,20.367643210785825,20.0608309818153,20.210304260253906,7200,0.0,0.0,0.0
2012-08-21 00:00:00-04:00,20.359776918138706,20.359776918138706,20.226037979125977,20.226037979125977,1800,0.0,0.0,0.0
2012-08-22 00:00:00-04:00,20.084432224083884,20.131633758544922,19.99002765465208,20.131633758544922,5900,0.0,0.0,0.0
2012-08-23 00:00:00-04:00,20.17883705811795,20.17883705811795,19.950695037841797,19.950695037841797,2900,0.0,0.0,0.0
2012-08-24 00:00:00-04:00,19.887760659273063,19.9900309173826,19.832690442818727,19.97429656982422,6600,0.0,0.0,0.0
2012-08-27 00:00:00-04:00,20.09229858775366,20.09229858775366,19.85628792392974,19.942825317382812,7300,0.0,0.0,0.0
2012-08-28 00:00:00-04:00,19.80908611171192,19.864154815673828,19.801218939644556,19.864154815673828,2800,0.0,0.0,0.0
2012-08-29 00:00:00-04:00,19.832687770944087,19.840554943663406,19.722550353893155,19.8090877532959,2000,0.0,0.0,0.0
2012-08-30 00:00:00-04:00,19.675348003578048,19.675348003578048,19.596677780151367,19.596677780151367,5300,0.0,0.0,0.0
2012-08-31 00:00:00-04:00,19.651748925743632,19.738286332305726,19.628148906142982,19.730419158935547,1200,0.0,0.0,0.0
2012-09-04 00:00:00-04:00,19.903488081089467,19.903488081089467,19.596675889880814,19.620277404785156,9200,0.0,0.0,0.0
2012-09-05 00:00:00-04:00,19.636013304628616,19.714683532714844,19.549477404192583,19.714683532714844,1000,0.0,0.0,0.0
2012-09-06 00:00:00-04:00,19.90348945649066,19.974292505586867,19.90348945649066,19.942825317382812,32600,0.0,0.0,0.0
2012-09-07 00:00:00-04:00,20.218172306692708,20.265373843841374,20.21030513374963,20.226037979125977,21400,0.0,0.0,0.0
2012-09-10 00:00:00-04:00,20.257506943052157,20.383378710812856,20.249639770003384,20.30470848083496,3800,0.0,0.0,0.0
2012-09-11 00:00:00-04:00,20.18670654296875,20.18670654296875,20.18670654296875,20.18670654296875,200,0.0,0.0,0.0
2012-09-12 00:00:00-04:00,20.186702935284824,20.186702935284824,19.934959411621094,19.934959411621094,5000,0.0,0.0,0.0
2012-09-13 00:00:00-04:00,20.139503024361368,20.713793171610455,20.139503024361368,20.642990112304688,3600,0.0,0.0,0.0
2012-09-14 00:00:00-04:00,20.84753264483897,20.926202879449782,20.698059349129426,20.776729583740234,4300,0.0,0.0,0.0
2012-09-17 00:00:00-04:00,20.68232955283308,20.713796751012218,20.58792495727539,20.58792495727539,6600,0.0,0.0,0.0
2012-09-18 00:00:00-04:00,20.59579021370269,20.59579021370269,20.564321517944336,20.564321517944336,900,0.0,0.0,0.0
2012-09-19 00:00:00-04:00,20.82392947322986,20.831796646118164,20.635121825439914,20.831796646118164,4200,0.0,0.0,0.0
2012-09-20 00:00:00-04:00,20.84753175634099,20.84753175634099,20.477783620091323,20.737394332885742,1700,0.0,0.0,0.0
2012-09-21 00:00:00-04:00,20.650859464141377,20.76099690112025,20.62725794171303,20.745264053344727,5300,0.0,0.0,0.0
2012-09-24 00:00:00-04:00,20.57219022659276,20.658727645874023,20.501387156364473,20.658727645874023,2500,0.0,0.0,0.0
2012-09-25 00:00:00-04:00,20.72953059055894,20.72953059055894,20.454185485839844,20.454185485839844,3300,0.0,0.0,0.0
2012-09-26 00:00:00-04:00,20.383384066595383,20.383384066595383,20.30471381594669,20.375516891479492,3200,0.0,0.0,0.0
2012-09-27 00:00:00-04:00,20.477783974264494,20.650857285617537,20.430580934387393,20.642990112304688,4200,0.0,0.0,0.0
2012-09-28 00:00:00-04:00,20.62725766170689,20.658726357850846,20.493518704115115,20.6193904876709,1700,0.0,0.0,0.0
2012-10-01 00:00:00-04:00,20.879001338887264,20.886867011889418,20.721660869665644,20.776729583740234,6900,0.0,0.0,0.0
2012-10-02 00:00:00-04:00,20.95766436637504,20.95766436637504,20.619383500016816,20.62725067138672,13300,0.0,0.0,0.0
2012-10-03 00:00:00-04:00,20.46991727436722,20.46991727436722,20.375512692939576,20.422714233398438,3100,0.0,0.0,0.0
2012-10-04 00:00:00-04:00,20.587918234400732,20.650854110717773,20.580051062297397,20.650854110717773,2900,0.0,0.0,0.0
2012-10-05 00:00:00-04:00,20.83966240134395,20.83966240134395,20.64298759404492,20.682323455810547,21000,0.0,0.0,0.0
2012-10-08 00:00:00-04:00,20.658719356866325,20.658719356866325,20.62725067138672,20.62725067138672,4500,0.0,0.0,0.0
2012-10-09 00:00:00-04:00,20.66659019393203,20.66659019393203,20.4148466674807,20.446313858032227,4700,0.0,0.0,0.0
2012-10-10 00:00:00-04:00,20.30470774927591,20.48564972185886,20.226037522132426,20.446313858032227,18900,0.0,0.0,0.0
2012-10-11 00:00:00-04:00,20.438446306820605,20.54858522298602,20.43057913420095,20.493515014648438,3500,0.0,0.0,0.0
2012-10-12 00:00:00-04:00,20.477779727513056,20.477779727513056,20.38337516784668,20.38337516784668,1500,0.0,0.0,0.0
2012-10-15 00:00:00-04:00,20.43057952616172,20.53285127166956,20.43057952616172,20.46991539001465,2700,0.0,0.0,0.0
2012-10-16 00:00:00-04:00,20.485648260764933,20.705923080444336,20.485648260764933,20.705923080444336,6600,0.0,0.0,0.0
2012-10-17 00:00:00-04:00,20.753128063204016,20.823931124302753,20.753128063204016,20.776729583740234,7500,0.0,0.0,0.0
2012-10-18 00:00:00-04:00,20.713790252648554,20.886863539612325,20.6901887360359,20.705923080444336,9100,0.0,0.0,0.0
2012-10-19 00:00:00-04:00,20.831796320474545,20.831796320474545,20.391245149184723,20.446313858032227,2700,0.0,0.0,0.0
2012-10-22 00:00:00-04:00,20.635122806691523,20.635122806691523,20.48565101623535,20.48565101623535,1200,0.0,0.0,0.0
2012-10-23 00:00:00-04:00,20.304705307428826,20.312572479248047,20.1709663875213,20.312572479248047,2700,0.0,0.0,0.0
2012-10-24 00:00:00-04:00,20.328306822886486,20.34404116652492,20.312572479248047,20.312572479248047,1600,0.0,0.0,0.0
2012-10-25 00:00:00-04:00,20.43844640974694,20.43844640974694,20.22603724947584,20.367643356323242,2600,0.0,0.0,0.0
2012-10-26 00:00:00-04:00,20.517114085410128,20.517114085410128,20.233901906920572,20.38337516784668,2200,0.0,0.0,0.0
2012-10-31 00:00:00-04:00,20.517118465878927,20.55645283217401,20.517118465878927,20.540719985961914,6600,0.0,0.0,0.0
2012-11-01 00:00:00-04:00,20.635122938991838,20.737394691549003,20.635122938991838,20.642990112304688,4100,0.0,0.0,0.0
2012-11-02 00:00:00-04:00,20.72166070547773,20.72166070547773,20.288976669311523,20.288976669311523,25400,0.0,0.0,0.0
2012-11-05 00:00:00-05:00,20.391246437596305,20.48565101623535,20.2732418396799,20.48565101623535,4100,0.0,0.0,0.0
2012-11-06 00:00:00-05:00,20.619391515796256,20.619391515796256,20.58005714416504,20.58005714416504,200,0.0,0.0,0.0
2012-11-07 00:00:00-05:00,20.28897664599085,20.28897664599085,20.108034657874683,20.24177360534668,3900,0.0,0.0,0.0
2012-11-08 00:00:00-05:00,20.22603656274025,20.22603656274025,19.942825859171077,20.07656478881836,11700,0.0,0.0,0.0
2012-11-09 00:00:00-05:00,19.85629473932952,20.037235260009766,19.85629473932952,20.037235260009766,1800,0.0,0.0,0.0
2012-11-12 00:00:00-05:00,19.87988842879286,19.982158660888672,19.87988842879286,19.982158660888672,1000,0.0,0.0,0.0
2012-11-13 00:00:00-05:00,19.942824659966394,19.99002619097131,19.91135597229004,19.91135597229004,1200,0.0,0.0,0.0
2012-11-14 00:00:00-05:00,19.856286175529675,19.86415334701538,19.667478561401367,19.667478561401367,1700,0.0,0.0,0.0
2012-11-15 00:00:00-05:00,19.691080807169275,19.746149509104878,19.549474716186523,19.549474716186523,1600,0.0,0.0,0.0
2012-11-16 00:00:00-05:00,19.541616052101567,19.62028630362093,19.533748876898606,19.61241912841797,2200,0.0,0.0,0.0
2012-11-19 00:00:00-05:00,19.990027033423555,20.147367477416992,19.990027033423555,20.147367477416992,3200,0.0,0.0,0.0
2012-11-20 00:00:00-05:00,20.16310400838565,20.28111011321388,20.16310400838565,20.24964141845703,3500,0.0,0.0,0.0
2012-11-21 00:00:00-05:00,20.20244089113715,20.20244089113715,20.139504998973578,20.18670654296875,2400,0.0,0.0,0.0
2012-11-23 00:00:00-05:00,20.414849848165264,20.469918565592614,20.414849848165264,20.462051391601562,1700,0.0,0.0,0.0
2012-11-26 00:00:00-05:00,20.304707475558814,20.430579237087667,20.296840302899543,20.367643356323242,4100,0.0,0.0,0.0
2012-11-27 00:00:00-05:00,20.493514752044057,20.540717787157124,20.438446044921875,20.438446044921875,10500,0.0,0.0,0.0
2012-11-28 00:00:00-05:00,20.320442743812798,20.49351604864836,20.273241206223066,20.477783203125,5500,0.0,0.0,0.0
2012-11-29 00:00:00-05:00,20.68232688568725,20.753128447587432,20.68232688568725,20.729528427124023,3300,0.0,0.0,0.0
2012-11-30 00:00:00-05:00,20.729528427124023,20.729528427124023,20.729528427124023,20.729528427124023,1400,0.0,0.0,0.0
2012-12-03 00:00:00-05:00,20.682327879958812,20.682327879958812,20.6193904876709,20.6193904876709,700,0.0,0.0,0.0
2012-12-04 00:00:00-05:00,20.595788955688477,20.595788955688477,20.595788955688477,20.595788955688477,400,0.0,0.0,0.0
2012-12-05 00:00:00-05:00,20.816062159551187,20.816062159551187,20.61152166787785,20.674457550048828,1100,0.0,0.0,0.0
2012-12-06 00:00:00-05:00,20.58005586582351,20.635124582890633,20.564321517944336,20.564321517944336,700,0.0,0.0,0.0
2012-12-07 00:00:00-05:00,20.611520277913264,20.7609920501709,20.611520277913264,20.7609920501709,1500,0.0,0.0,0.0
2012-12-10 00:00:00-05:00,20.753128944335945,20.816064834594727,20.65872585920276,20.816064834594727,5800,0.0,0.0,0.0
2012-12-11 00:00:00-05:00,20.871129898508944,21.004868819852938,20.871129898508944,20.99700164794922,3900,0.0,0.0,0.0
2012-12-12 00:00:00-05:00,20.997006720118996,21.059942610042324,20.902602134979016,20.965538024902344,2400,0.0,0.0,0.0
2012-12-13 00:00:00-05:00,20.98913710286469,20.997004275752992,20.768860763521516,20.831796646118164,3200,0.0,0.0,0.0
2012-12-14 00:00:00-05:00,20.86326497147547,20.94980087070834,20.823929107724368,20.902599334716797,4100,0.0,0.0,0.0
2012-12-17 00:00:00-05:00,20.957665788430624,20.99700164794922,20.83179403899035,20.99700164794922,3300,0.0,0.0,0.0
2012-12-18 00:00:00-05:00,21.009653516186876,21.191520687687376,21.009653516186876,21.18361473083496,6900,0.136,0.0,0.0
2012-12-19 00:00:00-05:00,21.19152069091797,21.302223693400375,21.19152069091797,21.19152069091797,2600,0.0,0.0,0.0
2012-12-20 00:00:00-05:00,21.318037112052487,21.318037112052487,21.14407740559915,21.18361473083496,1700,0.0,0.0,0.0
2012-12-21 00:00:00-05:00,21.017562568644752,21.057098388671875,20.85941627214655,21.057098388671875,5400,0.0,0.0,0.0
2012-12-24 00:00:00-05:00,21.39711187040661,21.39711187040661,21.057098388671875,21.057098388671875,4600,0.0,0.0,0.0
2012-12-26 00:00:00-05:00,21.033374199777075,21.167798078250858,21.033374199777075,21.10453987121582,13200,0.0,0.0,0.0
2012-12-27 00:00:00-05:00,21.136177371468154,21.136177371468154,20.93849520037355,21.096641540527344,1600,0.0,0.0,0.0
2012-12-28 00:00:00-05:00,21.025472240033526,21.025472240033526,20.883140859892386,21.01756477355957,1200,0.0,0.0,0.0
2012-12-31 00:00:00-05:00,21.151988975001284,21.32594871520996,21.151988975001284,21.32594871520996,1000,0.0,0.0,0.0
2013-01-02 00:00:00-05:00,21.70549683342474,21.80038340404938,21.49990725281155,21.64223861694336,39500,0.0,0.0,0.0
2013-01-03 00:00:00-05:00,21.6027042002681,21.705499758525168,21.499910150206084,21.586889266967773,34000,0.0,0.0,0.0
2013-01-04 00:00:00-05:00,21.67386788039574,21.808291784582668,21.6185171271767,21.713403701782227,11000,0.0,0.0,0.0
2013-01-07 00:00:00-05:00,21.5789821052489,21.61851792810011,21.357577575975213,21.389205932617188,41700,0.0,0.0,0.0
2013-01-08 00:00:00-05:00,21.62642881827196,21.63433628573313,21.389209319022484,21.54735565185547,16400,0.0,0.0,0.0
2013-01-09 00:00:00-05:00,21.721312469156267,21.78457069208178,21.65014677984069,21.77666473388672,38300,0.0,0.0,0.0
2013-01-10 00:00:00-05:00,21.784567198185538,21.934806019110855,21.752938845892963,21.918991088867188,12500,0.0,0.0,0.0
2013-01-11 00:00:00-05:00,21.887365042068566,21.95853072746651,21.887365042068566,21.92690086364746,2200,0.0,0.0,0.0
2013-01-14 00:00:00-05:00,21.950624064754862,21.974346463487226,21.78457029001826,21.942716598510742,8800,0.0,0.0,0.0
2013-01-15 00:00:00-05:00,21.94271970606234,21.966442108154297,21.9031838774376,21.966442108154297,4900,0.0,0.0,0.0
2013-01-16 00:00:00-05:00,21.8794619961625,21.918997825728347,21.85573959350586,21.85573959350586,12900,0.0,0.0,0.0
2013-01-17 00:00:00-05:00,22.03760538476141,22.124584499817686,21.974347160995475,22.08504867553711,27300,0.0,0.0,0.0
2013-01-18 00:00:00-05:00,22.069229234784,22.11667251586914,21.982248629298976,22.11667251586914,16500,0.0,0.0,0.0
2013-01-22 00:00:00-05:00,22.108764971942673,22.29063364714245,22.108764971942673,22.243188858032227,12200,0.0,0.0,0.0
2013-01-23 00:00:00-05:00,22.21947348018185,22.322267532348633,22.179936146121484,22.322267532348633,5900,0.0,0.0,0.0
2013-01-24 00:00:00-05:00,22.393431212648814,22.49622676377099,22.322265525931904,22.448781967163086,4500,0.0,0.0,0.0
2013-01-25 00:00:00-05:00,22.488312690304493,22.606921630585475,22.472497762748493,22.551570892333984,12900,0.0,0.0,0.0
2013-01-28 00:00:00-05:00,22.464590476223083,22.646457619968547,22.409239737534858,22.472497940063477,23900,0.0,0.0,0.0
2013-01-29 00:00:00-05:00,22.36970703043515,22.50412940979004,22.36970703043515,22.50412940979004,5100,0.0,0.0,0.0
2013-01-30 00:00:00-05:00,22.527854919433594,22.591113139486048,22.504132521340825,22.527854919433594,2100,0.0,0.0,0.0
2013-01-31 00:00:00-05:00,22.417153610952763,22.480411831568357,22.30645059372927,22.448781967163086,4600,0.0,0.0,0.0
2013-02-01 00:00:00-05:00,22.59111103376773,22.662276713217754,22.543667750199315,22.60692596435547,3200,0.0,0.0,0.0
2013-02-04 00:00:00-05:00,22.432969045857373,22.432969045857373,22.156213758889226,22.33017349243164,7900,0.0,0.0,0.0
2013-02-05 00:00:00-05:00,22.456689834594727,22.480412233322628,22.456689834594727,22.456689834594727,4500,0.0,0.0,0.0
2013-02-06 00:00:00-05:00,22.282732202207203,22.37761878967285,21.966441063663172,22.37761878967285,4900,0.0,0.0,0.0
2013-02-07 00:00:00-05:00,22.306449279792183,22.306449279792183,22.140397026030488,22.203655242919922,8200,0.0,0.0,0.0
2013-02-08 00:00:00-05:00,22.30644989013672,22.322264821840516,22.203655850451828,22.30644989013672,6400,0.0,0.0,0.0
2013-02-11 00:00:00-05:00,22.330173190123713,22.36180305480957,22.290637367461354,22.36180305480957,7300,0.0,0.0,0.0
2013-02-12 00:00:00-05:00,22.338077437270456,22.338077437270456,22.282726690241475,22.290634155273438,3100,0.0,0.0,0.0
2013-02-13 00:00:00-05:00,22.48831768449953,22.48831768449953,22.353893786809753,22.409244537353516,3700,0.0,0.0,0.0
2013-02-14 00:00:00-05:00,22.330173190123713,22.377616478957542,22.290637367461354,22.36180305480957,2500,0.0,0.0,0.0
2013-02-15 00:00:00-05:00,22.393434124233934,22.393434124233934,22.338083362522976,22.385526657104492,3100,0.0,0.0,0.0
2013-02-19 00:00:00-05:00,22.45669093869626,22.49622827185331,22.41715511373425,22.43297004699707,6000,0.0,0.0,0.0
2013-02-20 00:00:00-05:00,22.345984472804304,22.345984472804304,22.11667251586914,22.11667251586914,9000,0.0,0.0,0.0
2013-02-21 00:00:00-05:00,21.776663931220643,21.776663931220643,21.642240023934285,21.760848999023438,4900,0.0,0.0,0.0
2013-02-22 00:00:00-05:00,21.855731637580806,21.855731637580806,21.62642119482109,21.7213077545166,8100,0.0,0.0,0.0
2013-02-25 00:00:00-05:00,21.98225221942261,21.98225221942261,21.507816314697266,21.507816314697266,4000,0.0,0.0,0.0
2013-02-26 00:00:00-05:00,21.523632638050987,21.618520736694336,21.4287460476028,21.618520736694336,5500,0.0,0.0,0.0
2013-02-27 00:00:00-05:00,21.816201050205354,22.0059757232666,21.7608502924202,22.0059757232666,5100,0.0,0.0,0.0
2013-02-28 00:00:00-05:00,21.94271499144412,22.045509028699197,21.903179171314058,21.91108512878418,7200,0.0,0.0,0.0
2013-03-01 00:00:00-05:00,21.911084427494778,21.958529219966163,21.689681428740904,21.93480682373047,3200,0.0,0.0,0.0
2013-03-04 00:00:00-05:00,21.832016295559736,21.839923762241416,21.65805504495285,21.800386428833008,6000,0.0,0.0,0.0
2013-03-05 00:00:00-05:00,22.06923404636714,22.12458480439995,22.037605688146265,22.05341911315918,1800,0.0,0.0,0.0
2013-03-06 00:00:00-05:00,22.179934249786875,22.179934249786875,21.93480883235062,21.98225212097168,11900,0.0,0.0,0.0
2013-03-07 00:00:00-05:00,22.061321769904023,22.164117305149,22.061321769904023,22.11667251586914,10100,0.0,0.0,0.0
2013-03-08 00:00:00-05:00,22.069229155878862,22.306447068651153,22.061321691027157,22.243188858032227,4000,0.0,0.0,0.0
2013-03-11 00:00:00-04:00,22.338081955615184,22.43297004699707,22.2431938642333,22.43297004699707,1800,0.0,0.0,0.0
2013-03-12 00:00:00-04:00,22.48831768449953,22.48831768449953,22.30644899360524,22.409244537353516,4700,0.0,0.0,0.0
2013-03-13 00:00:00-04:00,22.282730904347506,22.37761748628648,22.259008504765248,22.298545837402344,353500,0.0,0.0,0.0
2013-03-14 00:00:00-04:00,22.298545535955686,22.39343211661192,22.274823136694124,22.33808135986328,15600,0.0,0.0,0.0
2013-03-15 00:00:00-04:00,22.488315366286933,22.488315366286933,22.338076553016382,22.401334762573242,4600,0.0,0.0,0.0
2013-03-18 00:00:00-04:00,22.30645008653009,22.30645008653009,22.140397826762925,22.219470977783203,21800,0.0,0.0,0.0
2013-03-19 00:00:00-04:00,22.172030312012776,22.211566138100075,21.84783020367756,22.021791458129883,26900,0.0,0.0,0.0
2013-03-20 00:00:00-04:00,22.203654718778044,22.203654718778044,21.97434425354004,21.97434425354004,17400,0.0,0.0,0.0
2013-03-21 00:00:00-04:00,21.958529308610302,21.958529308610302,21.800383016123565,21.808290481567383,12000,0.0,0.0,0.0
2013-03-22 00:00:00-04:00,21.895274215587484,21.895274215587484,21.800386124925147,21.832015991210938,6700,0.0,0.0,0.0
2013-03-25 00:00:00-04:00,21.911085116677476,21.911085116677476,21.65805224831722,21.737125396728516,9200,0.0,0.0,0.0
2013-03-26 00:00:00-04:00,21.918991892906675,21.93480682373047,21.832012789765432,21.93480682373047,1500,0.0,0.0,0.0
2013-03-27 00:00:00-04:00,21.847826314552908,21.97434425354004,21.816197960952238,21.97434425354004,1900,0.0,0.0,0.0
2013-03-28 00:00:00-04:00,22.00597652441693,22.04551235050423,21.895275004816423,22.021791458129883,4700,0.0,0.0,0.0
2013-04-01 00:00:00-04:00,22.02179197262649,22.03760690670893,21.895275516357216,21.903182983398438,10600,0.0,0.0,0.0
2013-04-02 00:00:00-04:00,21.903179968303515,21.92690085796674,21.67386798025958,21.752941131591797,13600,0.0,0.0,0.0
2013-04-03 00:00:00-04:00,21.863643648596103,21.879458581232146,21.618518225517356,21.68968391418457,10500,0.0,0.0,0.0
2013-04-04 00:00:00-04:00,21.737127900548597,21.863644349301694,21.737127900548597,21.832015991210938,14200,0.0,0.0,0.0
2013-04-05 00:00:00-04:00,21.618513730147352,21.72921521919034,21.51571819758343,21.7213077545166,15300,0.0,0.0,0.0
2013-04-08 00:00:00-04:00,21.760849802992478,21.784570693969727,21.72131247103873,21.784570693969727,4100,0.0,0.0,0.0
2013-04-09 00:00:00-04:00,21.879460582274778,21.942718810409414,21.871553115233556,21.903182983398438,9700,0.0,0.0,0.0
2013-04-10 00:00:00-04:00,21.82410542640111,22.013880072589576,21.82410542640111,21.97434425354004,7600,0.0,0.0,0.0
2013-04-11 00:00:00-04:00,22.02179155487027,22.092957248696102,21.94271839415322,22.06923484802246,7600,0.0,0.0,0.0
2013-04-12 00:00:00-04:00,21.88736149627576,21.9110823821023,21.689679404016324,21.7213077545166,11300,0.0,0.0,0.0
2013-04-15 00:00:00-04:00,21.634330610374942,21.634330610374942,21.24687385559082,21.24687385559082,13100,0.0,0.0,0.0
2013-04-16 00:00:00-04:00,21.349666298646206,21.507812578210352,21.27059315886413,21.381296157836914,13400,0.0,0.0,0.0
2013-04-17 00:00:00-04:00,21.349674570227773,21.349674570227773,21.07291922786354,21.144084930419922,6200,0.0,0.0,0.0
2013-04-18 00:00:00-04:00,21.26269180249349,21.341764964992002,21.120360411635193,21.223155975341797,10100,0.0,0.0,0.0
2013-04-19 00:00:00-04:00,21.373391703582378,21.405020059033394,21.325946908113494,21.3654842376709,10300,0.0,0.0,0.0
2013-04-22 00:00:00-04:00,21.373388693039235,21.389202114439893,21.223149878272768,21.381296157836914,6500,0.0,0.0,0.0
2013-04-23 00:00:00-04:00,21.373395401726466,21.5078193290906,21.36548793444679,21.49200439453125,3700,0.0,0.0,0.0
2013-04-24 00:00:00-04:00,21.642239524925536,21.713403701782227,21.60270219534414,21.713403701782227,3900,0.0,0.0,0.0
2013-04-25 00:00:00-04:00,21.800385222506502,22.02178975275698,21.800385222506502,21.942716598510742,13700,0.0,0.0,0.0
2013-04-26 00:00:00-04:00,21.918997825728347,21.998070993055265,21.85573959350586,21.85573959350586,3900,0.0,0.0,0.0
2013-04-29 00:00:00-04:00,21.84783088383088,22.16412353515625,21.83992492492337,22.16412353515625,6700,0.0,0.0,0.0
2013-04-30 00:00:00-04:00,22.092950456467545,22.28272507892734,22.092950456467545,22.259002685546875,40300,0.0,0.0,0.0
2013-05-01 00:00:00-04:00,22.219469649675787,22.219469649675787,21.97434425354004,21.97434425354004,11900,0.0,0.0,0.0
2013-05-02 00:00:00-04:00,21.918995897190765,22.03760639184284,21.887367537959946,22.021791458129883,3300,0.0,0.0,0.0
2013-05-03 00:00:00-04:00,22.17993696116641,22.27482505820305,22.148308600950955,22.16412353515625,6600,0.0,0.0,0.0
2013-05-06 00:00:00-04:00,22.19574447806028,22.353890750874086,22.156208663954143,22.259002685546875,10300,0.0,0.0,0.0
2013-05-07 00:00:00-04:00,22.32226472478396,22.432967738034314,22.25109904062119,22.425060272216797,6200,0.0,0.0,0.0
2013-05-08 00:00:00-04:00,22.448778180709127,22.622739389206036,22.448778180709127,22.614831924438477,2400,0.0,0.0,0.0
2013-05-09 00:00:00-04:00,22.662277610215046,22.662277610215046,22.496225357055664,22.496225357055664,5900,0.0,0.0,0.0
2013-05-10 00:00:00-04:00,22.527854012182626,22.527854012182626,22.36970922251783,22.464595794677734,8400,0.0,0.0,0.0
2013-05-13 00:00:00-04:00,22.54367005218395,22.551577518285267,22.36180285643849,22.448781967163086,12300,0.0,0.0,0.0
2013-05-14 00:00:00-04:00,22.38552414660599,22.472504767079993,22.38552414660599,22.456689834594727,8300,0.0,0.0,0.0
2013-05-15 00:00:00-04:00,22.40133867875013,22.51204018777868,22.393431212648814,22.448781967163086,24400,0.0,0.0,0.0
2013-05-16 00:00:00-04:00,22.448781763342335,22.46459669540138,22.29063696733668,22.35389518737793,11600,0.0,0.0,0.0
2013-05-17 00:00:00-04:00,22.35389688887801,22.43297004699707,22.25110133086471,22.43297004699707,8200,0.0,0.0,0.0
2013-05-20 00:00:00-04:00,22.456688328965264,22.496225657527617,22.417152508597784,22.464595794677734,5300,0.0,0.0,0.0
2013-05-21 00:00:00-04:00,22.440875406940034,22.456690339781076,22.23528731278653,22.33808135986328,10500,0.0,0.0,0.0
2013-05-22 00:00:00-04:00,22.33808167779092,22.47250559246295,21.958532333374023,21.958532333374023,22500,0.0,0.0,0.0
2013-05-23 00:00:00-04:00,21.83201308531282,21.958529517226246,21.768754869356105,21.89527130126953,14500,0.0,0.0,0.0
2013-05-24 00:00:00-04:00,21.903179171314058,21.918992594449165,21.784568694534144,21.91108512878418,7300,0.0,0.0,0.0
2013-05-28 00:00:00-04:00,22.187845161565143,22.187845161565143,21.92690477133437,21.966442108154297,15900,0.0,0.0,0.0
2013-05-29 00:00:00-04:00,21.990157590902996,22.108766555786133,21.887363556856226,22.108766555786133,15400,0.0,0.0,0.0
2013-05-30 00:00:00-04:00,22.06922864705648,22.203652530046792,22.06922864705648,22.187837600708008,7800,0.0,0.0,0.0
2013-05-31 00:00:00-04:00,21.966435232453865,21.966435232453865,21.650142669677734,21.650142669677734,10800,0.0,0.0,0.0
2013-06-03 00:00:00-04:00,21.705497042280914,21.74503286238913,21.689682110959684,21.737125396728516,2100,0.0,0.0,0.0
2013-06-04 00:00:00-04:00,21.808291885065874,21.808291885065874,21.65014558240144,21.752941131591797,4800,0.0,0.0,0.0
2013-06-05 00:00:00-04:00,21.78456418296319,21.78456418296319,21.405014958817517,21.468273162841797,108300,0.0,0.0,0.0
2013-06-06 00:00:00-04:00,21.42873895917558,21.49990463256836,21.318035962678664,21.49990463256836,23900,0.0,0.0,0.0
2013-06-07 00:00:00-04:00,21.594790825007802,21.73712216937696,21.586883360521224,21.665956497192383,27200,0.0,0.0,0.0
2013-06-10 00:00:00-04:00,21.80038431866639,21.816199250498947,21.705497744060857,21.713403701782227,3500,0.0,0.0,0.0
2013-06-11 00:00:00-04:00,21.539447690014132,21.594798452776686,21.42874616448902,21.49200439453125,13600,0.0,0.0,0.0
2013-06-12 00:00:00-04:00,21.863646307504954,21.863646307504954,21.357580467167114,21.49200439453125,5100,0.0,0.0,0.0
2013-06-13 00:00:00-04:00,21.365486930727126,21.555261611938477,21.357579463818933,21.555261611938477,41900,0.0,0.0,0.0
2013-06-14 00:00:00-04:00,21.66596232651098,21.705499659581566,21.436651827481764,21.539445877075195,10900,0.0,0.0,0.0
2013-06-17 00:00:00-04:00,21.689686433628058,21.713407327142523,21.507819211773064,21.618520736694336,7000,0.0,0.0,0.0
2013-06-18 00:00:00-04:00,21.586888556915177,21.808293091251972,21.586888556915177,21.77666473388672,10000,0.0,0.0,0.0
2013-06-19 00:00:00-04:00,21.768757073534797,21.768757073534797,21.523630142211914,21.523630142211914,6000,0.0,0.0,0.0
2013-06-20 00:00:00-04:00,21.183620809358555,21.24687903969271,20.81197738647461,20.81197738647461,12000,0.0,0.0,0.0
2013-06-21 00:00:00-04:00,21.057092312895197,21.057092312895197,20.7408013193557,20.914762496948242,13500,0.0,0.0,0.0
2013-06-24 00:00:00-04:00,20.55893798710799,20.638011127158883,20.203109610976316,20.622196197509766,24100,0.0,0.0,0.0
2013-06-25 00:00:00-04:00,20.53521610085877,20.677547454833984,20.503587748972464,20.677547454833984,5900,0.0,0.0,0.0
2013-06-26 00:00:00-04:00,20.788252475891454,20.819880830849524,20.65382857388116,20.717086791992188,6200,0.0,0.0,0.0
2013-06-27 00:00:00-04:00,20.930536265314984,20.930536265314984,20.78717618857176,20.826997756958008,14600,0.188,0.0,0.0
2013-06-28 00:00:00-04:00,20.755318158213864,20.858856668763934,20.707531971319096,20.763282775878906,15900,0.0,0.0,0.0
2013-07-01 00:00:00-04:00,20.834961374237402,20.91460602628188,20.73938900706034,20.7712459564209,12900,0.0,0.0,0.0
2013-07-02 00:00:00-04:00,20.787176628874036,20.906642855658703,20.723461206649183,20.763282775878906,31300,0.0,0.0,0.0
2013-07-03 00:00:00-04:00,20.771246452009706,20.79514030392176,20.66770946524833,20.747352600097656,48700,0.0,0.0,0.0
2013-07-05 00:00:00-04:00,20.834961349958203,20.906641384805166,20.675672046054867,20.803104400634766,4700,0.0,0.0,0.0
2013-07-08 00:00:00-04:00,20.962388927793402,21.042033567367938,20.88274428821887,20.92256736755371,9900,0.0,0.0,0.0
2013-07-09 00:00:00-04:00,21.16946892641058,21.344685955803264,21.12964735762444,21.328758239746094,9600,0.0,0.0,0.0
2013-07-10 00:00:00-04:00,21.26504427971469,21.432296703025816,21.14557652695465,21.288936614990234,7100,0.0,0.0,0.0
2013-07-11 00:00:00-04:00,21.591585241544376,21.703086853027344,21.503975964467458,21.703086853027344,2800,0.0,0.0,0.0
2013-07-12 00:00:00-04:00,21.8145869298478,21.8145869298478,21.543796018928933,21.59954833984375,14800,0.0,0.0,0.0
2013-07-15 00:00:00-04:00,21.583617260197496,21.66326190702902,21.55175879382677,21.639368057250977,2100,0.0,0.0,0.0
2013-07-16 00:00:00-04:00,21.623440132368106,21.623440132368106,21.40043693066162,21.448223114013672,56800,0.0,0.0,0.0
2013-07-17 00:00:00-04:00,21.408399027785695,21.48007905901038,21.392471313476562,21.392471313476562,1800,0.0,0.0,0.0
2013-07-18 00:00:00-04:00,21.400433077268033,21.488040811122783,21.36060999906578,21.37653923034668,6800,0.0,0.0,0.0
2013-07-19 00:00:00-04:00,21.44025761509566,21.47211456298828,21.368577583468113,21.47211456298828,700,0.0,0.0,0.0
2013-07-22 00:00:00-04:00,21.567689366411823,21.575653983499123,21.480080097546892,21.5199031829834,5800,0.0,0.0,0.0
2013-07-23 00:00:00-04:00,21.535831375925927,21.535831375925927,21.392471313476562,21.392471313476562,3200,0.0,0.0,0.0
2013-07-24 00:00:00-04:00,21.30486096496786,21.424327171232747,21.153536293514883,21.193359375,20600,0.0,0.0,0.0
2013-07-25 00:00:00-04:00,21.105755374346263,21.153541564941406,20.954430665183423,21.153541564941406,6500,0.0,0.0,0.0
2013-07-26 00:00:00-04:00,21.097782556326145,21.113711786698772,20.97035175153518,21.034067153930664,3100,0.0,0.0,0.0
2013-07-29 00:00:00-04:00,21.00221021228043,21.0579609994896,20.986280981907807,21.034067153930664,2200,0.0,0.0,0.0
2013-07-30 00:00:00-04:00,20.333201914086995,20.333201914086995,20.070375635204112,20.293378829956055,7800,0.0,0.0,0.0
2013-07-31 00:00:00-04:00,20.277448552083232,20.309307017747383,20.102231548216174,20.16594696044922,15900,0.0,0.0,0.0
2013-08-01 00:00:00-04:00,20.39691489267287,20.39691489267287,20.142053261065854,20.21373176574707,9600,0.0,0.0,0.0
2013-08-02 00:00:00-04:00,20.30134521191051,20.30930982942919,20.070377380250562,20.142057418823242,31200,0.0,0.0,0.0
2013-08-05 00:00:00-04:00,20.165947331738526,20.165947331738526,20.01462265523818,20.062410354614258,6300,0.0,0.0,0.0
2013-08-06 00:00:00-04:00,20.038516900453235,20.038516900453235,19.831441423022092,19.92701530456543,11500,0.0,0.0,0.0
2013-08-07 00:00:00-04:00,19.90312429840547,19.990733575747594,19.855338110353184,19.942947387695312,9400,0.0,0.0,0.0
2013-08-08 00:00:00-04:00,20.014622792691497,20.293378297918544,20.014622792691497,20.24559211730957,9700,0.0,0.0,0.0
2013-08-09 00:00:00-04:00,20.293376405398053,20.34116410064573,20.13408864519124,20.21373176574707,8700,0.0,0.0,0.0
2013-08-12 00:00:00-04:00,20.205769653536027,20.30930662676075,20.126125010004195,20.301342010498047,4500,0.0,0.0,0.0
2013-08-13 00:00:00-04:00,20.4526719669886,20.468601203630683,20.26949030289146,20.396921157836914,9700,0.0,0.0,0.0
2013-08-14 00:00:00-04:00,20.45267002436042,20.45267002436042,20.26152376009762,20.325239181518555,15000,0.0,0.0,0.0
2013-08-15 00:00:00-04:00,20.110195777478783,20.30930662676075,20.046480366472363,20.301342010498047,4300,0.0,0.0,0.0
2013-08-16 00:00:00-04:00,20.269484938299744,20.269484938299744,20.006658679648293,20.086301803588867,10300,0.0,0.0,0.0
2013-08-19 00:00:00-04:00,20.157983113060926,20.157983113060926,19.92701530456543,19.92701530456543,4000,0.0,0.0,0.0
2013-08-20 00:00:00-04:00,19.911086071125656,19.966836869069557,19.847370656461866,19.92701530456543,6100,0.0,0.0,0.0
2013-08-21 00:00:00-04:00,19.974803780833497,19.974803780833497,19.528795826942016,19.719942092895508,50100,0.0,0.0,0.0
2013-08-22 00:00:00-04:00,19.65622206533502,19.919048309326172,19.65622206533502,19.919048309326172,13200,0.0,0.0,0.0
2013-08-23 00:00:00-04:00,19.91108512878418,19.97480054043248,19.91108512878418,19.91108512878418,71800,0.0,0.0,0.0
2013-08-26 00:00:00-04:00,20.11019991502663,20.11019991502663,19.99869830259844,20.02259063720703,2500,0.0,0.0,0.0
2013-08-27 00:00:00-04:00,19.966838185046274,19.966838185046274,19.71197650959366,19.735870361328125,11300,0.0,0.0,0.0
2013-08-28 00:00:00-04:00,19.552687137298154,19.696047209033196,19.552687137298154,19.592510223388672,800,0.0,0.0,0.0
2013-08-29 00:00:00-04:00,19.727905238739616,19.743834472821217,19.656225204467773,19.656225204467773,2600,0.0,0.0,0.0
2013-08-30 00:00:00-04:00,19.53676234116993,19.791624053849425,19.53676234116993,19.616405487060547,15200,0.0,0.0,0.0
2013-09-03 00:00:00-04:00,19.863299319291578,19.871263935782665,19.743833110115773,19.80754852294922,4200,0.0,0.0,0.0
2013-09-04 00:00:00-04:00,19.847372119656967,19.990732192993164,19.79958593491004,19.990732192993164,9200,0.0,0.0,0.0
2013-09-05 00:00:00-04:00,19.85533343639967,19.966835021972656,19.85533343639967,19.966835021972656,3600,0.0,0.0,0.0
2013-09-06 00:00:00-04:00,20.014621242940372,20.15001667676141,19.919048889122685,20.038515090942383,34700,0.0,0.0,0.0
2013-09-09 00:00:00-04:00,20.253554090467468,20.484521865844727,20.253554090467468,20.484521865844727,8000,0.0,0.0,0.0
2013-09-10 00:00:00-04:00,20.70752662254961,20.70752662254961,20.58806042662315,20.659740447998047,5000,0.0,0.0,0.0
2013-09-11 00:00:00-04:00,20.68363517912767,20.68363517912767,20.524347405748472,20.635848999023438,3800,0.0,0.0,0.0
2013-09-12 00:00:00-04:00,20.508415288952236,20.61195225113541,20.40487832676906,20.548236846923828,11600,0.0,0.0,0.0
2013-09-13 00:00:00-04:00,20.540273782338655,20.739384610694348,20.444699916326098,20.651775360107422,3300,0.0,0.0,0.0
2013-09-16 00:00:00-04:00,20.77124127987,21.042032124396666,20.77124127987,20.930530548095703,11300,0.0,0.0,0.0
2013-09-17 00:00:00-04:00,21.153536019548426,21.153536019548426,20.795137405395508,20.795137405395508,3900,0.0,0.0,0.0
2013-09-18 00:00:00-04:00,20.906638002922897,21.400433549869984,20.826993363854637,21.384504318237305,5300,0.0,0.0,0.0
2013-09-19 00:00:00-04:00,21.56769069065389,21.56769069065389,21.034073465804035,21.328758239746094,14300,0.0,0.0,0.0
2013-09-20 00:00:00-04:00,21.249107565452057,21.249107565452057,20.930530548095703,20.930530548095703,1900,0.0,0.0,0.0
2013-09-23 00:00:00-04:00,21.01814073024499,21.057963811494385,20.938497605936647,20.97831916809082,9000,0.0,0.0,0.0
2013-09-24 00:00:00-04:00,20.81106719207394,21.065930378383936,20.81106719207394,21.05000114440918,12900,0.0,0.0,0.0
2013-09-25 00:00:00-04:00,20.890707471491755,21.026102893755088,20.85088591398285,20.930530548095703,16700,0.0,0.0,0.0
2013-09-26 00:00:00-04:00,21.13761366965581,21.13761366965581,20.842928872090926,20.858858108520508,2600,0.0,0.0,0.0
2013-09-27 00:00:00-04:00,20.89070939517627,20.89867401123047,20.89070939517627,20.89867401123047,3900,0.0,0.0,0.0
2013-09-30 00:00:00-04:00,20.842924489035347,21.20132463785505,20.5641689865195,20.73938751220703,5900,0.0,0.0,0.0
2013-10-01 00:00:00-04:00,20.842924489035347,20.842924489035347,20.70752904604738,20.73938751220703,16800,0.0,0.0,0.0
2013-10-02 00:00:00-04:00,20.707531502176142,20.85089157870802,20.532314474801325,20.75531768798828,4200,0.0,0.0,0.0
2013-10-03 00:00:00-04:00,20.67567023311104,20.819030290234455,20.61991943736199,20.811065673828125,4300,0.0,0.0,0.0
2013-10-04 00:00:00-04:00,20.787174224853516,20.787174224853516,20.787174224853516,20.787174224853516,700,0.0,0.0,0.0
2013-10-07 00:00:00-04:00,20.787175166425357,20.890712150595753,20.77921054932065,20.803104400634766,6700,0.0,0.0,0.0
2013-10-08 00:00:00-04:00,20.747355348788577,20.747355348788577,20.580102920532227,20.580102920532227,3300,0.0,0.0,0.0
2013-10-09 00:00:00-04:00,20.51638129840515,20.611953651668912,20.492487450541628,20.60399055480957,1600,0.0,0.0,0.0
2013-10-10 00:00:00-04:00,20.643815154501947,20.8907122090572,20.643815154501947,20.842926025390625,8900,0.0,0.0,0.0
2013-10-11 00:00:00-04:00,20.914605054565946,20.914605054565946,20.603992597028807,20.787174224853516,5000,0.0,0.0,0.0
2013-10-14 00:00:00-04:00,20.763280915939404,20.938499450683594,20.763280915939404,20.938499450683594,2000,0.0,0.0,0.0
2013-10-15 00:00:00-04:00,20.67567057988773,20.82699525595552,20.67567057988773,20.73938751220703,6900,0.0,0.0,0.0
2013-10-16 00:00:00-04:00,20.803102616770957,20.88274574279785,20.755314918240515,20.88274574279785,4400,0.0,0.0,0.0
2013-10-17 00:00:00-04:00,21.06592898134269,21.1296443939209,20.92256892326791,21.1296443939209,8400,0.0,0.0,0.0
2013-10-18 00:00:00-04:00,21.312823681401124,21.312823681401124,21.153534407850458,21.1614990234375,5000,0.0,0.0,0.0
2013-10-21 00:00:00-04:00,21.35265246469939,21.35265246469939,21.153541564941406,21.153541564941406,7900,0.0,0.0,0.0
2013-10-22 00:00:00-04:00,21.26503997663929,21.3765415696172,21.26503997663929,21.31282615661621,6400,0.0,0.0,0.0
2013-10-23 00:00:00-04:00,21.121679450287623,21.368576480316843,21.121679450287623,21.304861068725586,11300,0.0,0.0,0.0
2013-10-24 00:00:00-04:00,21.177429670989646,21.23318046473255,21.089820412767832,21.185394287109375,2300,0.0,0.0,0.0
2013-10-25 00:00:00-04:00,21.089825719184272,21.320795087485063,21.089825719184272,21.288936614990234,6400,0.0,0.0,0.0
2013-10-28 00:00:00-04:00,21.384508190493076,21.4641528439832,21.27300506796874,21.42432975769043,12400,0.0,0.0,0.0
2013-10-29 00:00:00-04:00,21.543794435393004,21.543794435393004,21.28096816106623,21.320791244506836,7700,0.0,0.0,0.0
2013-10-30 00:00:00-04:00,21.39247505252412,21.39247505252412,21.1216841137001,21.17743492126465,10600,0.0,0.0,0.0
2013-10-31 00:00:00-04:00,21.288934587055373,21.288934587055373,21.097788327581274,21.10575294494629,6700,0.0,0.0,0.0
2013-11-01 00:00:00-04:00,21.049992978034467,21.049992978034467,20.922562193864106,20.970348358154297,10200,0.0,0.0,0.0
2013-11-04 00:00:00-05:00,20.938502454817844,21.193364157453257,20.938502454817844,21.17743492126465,4500,0.0,0.0,0.0
2013-11-05 00:00:00-05:00,21.15353537095455,21.15353537095455,21.08981996245239,21.145570755004883,4600,0.0,0.0,0.0
2013-11-06 00:00:00-05:00,21.25707958311211,21.25707958311211,21.1216841137001,21.17743492126465,8200,0.0,0.0,0.0
2013-11-07 00:00:00-05:00,21.137604681475352,21.137604681475352,21.018136978149414,21.018136978149414,2600,0.0,0.0,0.0
2013-11-08 00:00:00-05:00,21.018145597569728,21.193364157453257,21.018145597569728,21.17743492126465,14000,0.0,0.0,0.0
2013-11-11 00:00:00-05:00,21.153537294545302,21.24911117553711,21.153537294545302,21.24911117553711,6500,0.0,0.0,0.0
2013-11-12 00:00:00-05:00,21.113714731124997,21.209287088498815,21.113714731124997,21.193359375,7500,0.0,0.0,0.0
2013-11-13 00:00:00-05:00,21.20928580846811,21.384504318237305,21.12167807267865,21.384504318237305,15200,0.0,0.0,0.0
2013-11-14 00:00:00-05:00,21.488048083912307,21.488048083912307,21.368581847061517,21.480083465576172,5500,0.0,0.0,0.0
2013-11-15 00:00:00-05:00,21.62343406677246,21.631398681612875,21.591577126505754,21.62343406677246,13000,0.0,0.0,0.0
2013-11-18 00:00:00-05:00,21.782723325390858,21.782723325390858,21.615469451932046,21.62343406677246,19300,0.0,0.0,0.0
2013-11-19 00:00:00-05:00,21.575656394687105,21.61547796547849,21.44026092726263,21.49601173400879,8300,0.0,0.0,0.0
2013-11-20 00:00:00-05:00,21.655298065068497,21.655298065068497,21.400436401367188,21.400436401367188,5800,0.0,0.0,0.0
2013-11-21 00:00:00-05:00,21.464148549091732,21.464148549091732,21.304859273984643,21.41636085510254,10300,0.0,0.0,0.0
2013-11-22 00:00:00-05:00,21.368572290205638,21.44025230407715,21.241141492010716,21.44025230407715,5100,0.0,0.0,0.0
2013-11-25 00:00:00-05:00,21.575649997688785,21.575649997688785,21.33671760559082,21.33671760559082,12400,0.0,0.0,0.0
2013-11-26 00:00:00-05:00,21.543792596992052,21.543792596992052,21.24114478414589,21.464149475097656,11300,0.0,0.0,0.0
2013-11-27 00:00:00-05:00,21.496012702248443,21.50397732058458,21.472118847240036,21.480083465576172,1000,0.0,0.0,0.0
2013-11-29 00:00:00-05:00,21.480075413551646,21.599543124714373,21.480075413551646,21.543790817260742,6800,0.0,0.0,0.0
2013-12-02 00:00:00-05:00,21.623439597558164,21.623439597558164,21.400436401367188,21.400436401367188,29400,0.0,0.0,0.0
2013-12-03 00:00:00-05:00,21.48007560414348,21.48007560414348,21.105747793918024,21.25707244873047,9000,0.0,0.0,0.0
2013-12-04 00:00:00-05:00,21.185399228368453,21.519905587940947,21.185399228368453,21.49601173400879,1900,0.0,0.0,0.0
2013-12-05 00:00:00-05:00,21.35264825255205,21.384506719394633,21.304862071383482,21.360612869262695,3600,0.0,0.0,0.0
2013-12-06 00:00:00-05:00,21.67919202899932,21.67919202899932,21.503975001785065,21.615476608276367,8500,0.0,0.0,0.0
2013-12-09 00:00:00-05:00,21.6154718956767,21.671222686767578,21.448219522404067,21.671222686767578,8700,0.0,0.0,0.0
2013-12-10 00:00:00-05:00,21.75883903095843,21.75883903095843,21.440261892991117,21.480083465576172,17800,0.0,0.0,0.0
2013-12-11 00:00:00-05:00,21.663262681946083,21.663262681946083,21.280968667298776,21.400436401367188,4600,0.0,0.0,0.0
2013-12-12 00:00:00-05:00,21.36061113268412,21.36061113268412,21.002212524414062,21.002212524414062,3600,0.0,0.0,0.0
2013-12-13 00:00:00-05:00,21.129644865174704,21.217252609989114,21.002214037176206,21.137609481811523,2800,0.0,0.0,0.0
2013-12-16 00:00:00-05:00,21.472113349919656,21.472113349919656,21.185394758702977,21.193359375,4300,0.0,0.0,0.0
2013-12-17 00:00:00-05:00,21.097786028886745,21.368576913411747,21.097786028886745,21.241146087646484,9300,0.0,0.0,0.0
2013-12-18 00:00:00-05:00,21.434399028440946,21.62685136472897,21.15373879780104,21.378267288208008,3800,0.181,0.0,0.0
2013-12-19 00:00:00-05:00,21.466478239196054,21.506571908078502,21.442421120181326,21.49053382873535,2100,0.0,0.0,0.0
2013-12-20 00:00:00-05:00,21.482518912590677,21.650914177601507,21.4664808313109,21.586763381958008,2700,0.0,0.0,0.0
2013-12-23 00:00:00-05:00,21.77118756554279,21.82731929692258,21.650905065518234,21.658924102783203,9600,0.0,0.0,0.0
2013-12-24 00:00:00-05:00,21.602795257951247,21.795247589600848,21.602795257951247,21.72307777404785,4500,0.0,0.0,0.0
2013-12-26 00:00:00-05:00,21.84336199149633,21.84336199149633,21.76317313136106,21.82732391357422,14200,0.0,0.0,0.0
2013-12-27 00:00:00-05:00,21.8932031050153,21.965511054376368,21.87713433129004,21.92534065246582,2800,0.052,0.0,0.0
2013-12-30 00:00:00-05:00,22.166369493806194,22.166369493806194,21.941411224709494,22.086027145385742,26500,0.0,0.0,0.0
2013-12-31 00:00:00-05:00,22.238678094411465,22.238678094411465,21.965515021359078,22.077993392944336,26500,0.0,0.0,0.0
2014-01-02 00:00:00-05:00,21.925343677819985,21.925343677819985,21.708419799804688,21.708419799804688,9800,0.0,0.0,0.0
2014-01-03 00:00:00-05:00,21.853037773595467,21.96551615096508,21.788764196183838,21.909276962280273,6500,0.0,0.0,0.0
2014-01-06 00:00:00-05:00,22.05388915221244,22.05388915221244,21.716452544960575,21.74858856201172,4400,0.0,0.0,0.0
2014-01-07 00:00:00-05:00,21.700384244530515,21.716453019608647,21.531665171015604,21.587905883789062,12400,0.0,0.0,0.0
2014-01-08 00:00:00-05:00,21.86910322604652,21.86910322604652,21.6843168976853,21.772693634033203,12300,0.0,0.0,0.0
2014-01-09 00:00:00-05:00,21.579872991232033,21.612009011211835,21.274572373208258,21.322778701782227,312800,0.0,0.0,0.0
2014-01-10 00:00:00-05:00,21.47542840419596,21.692352294921875,21.47542840419596,21.692352294921875,4000,0.0,0.0,0.0
2014-01-13 00:00:00-05:00,21.69235022548045,21.69235022548045,21.451324724825106,21.467391967773438,2000,0.0,0.0,0.0
2014-01-14 00:00:00-05:00,21.708421071805923,21.716455460247946,21.38705319613951,21.692352294921875,30900,0.0,0.0,0.0
2014-01-15 00:00:00-05:00,21.949446476469006,21.989618418461355,21.732522586919014,21.853036880493164,12000,0.0,0.0,0.0
2014-01-16 00:00:00-05:00,21.853035718481554,21.925343677819985,21.644146228437503,21.708419799804688,4000,0.0,0.0,0.0
2014-01-17 00:00:00-05:00,21.668245585160694,21.764656698291393,21.612006407668893,21.732519149780273,4200,0.0,0.0,0.0
2014-01-21 00:00:00-05:00,21.98961137872669,21.98961137872669,21.700379618587764,21.844995498657227,14800,0.0,0.0,0.0
2014-01-22 00:00:00-05:00,21.917310574089814,21.925344962531838,21.531667590887217,21.692352294921875,7900,0.0,0.0,0.0
2014-01-23 00:00:00-05:00,21.49149068417721,21.700380123313582,21.370977958783808,21.49952507019043,8300,0.0,0.0,0.0
2014-01-24 00:00:00-05:00,21.290643433016417,21.290643433016417,20.84072837822174,20.913036346435547,12400,0.0,0.0,0.0
2014-01-27 00:00:00-05:00,20.969274641615495,21.017479440899304,20.615769204594038,20.832693099975586,6900,0.0,0.0,0.0
2014-01-28 00:00:00-05:00,20.905003370686988,20.905003370686988,20.647909036281504,20.736284255981445,2500,0.0,0.0,0.0
2014-01-29 00:00:00-05:00,20.768414268954874,20.784483042118314,20.64790153503418,20.64790153503418,5100,0.0,0.0,0.0
2014-01-30 00:00:00-05:00,20.59969557612875,20.607729962851106,20.310465316136796,20.575593948364258,7600,0.0,0.0,0.0
2014-01-31 00:00:00-05:00,20.3667073756409,20.495254516601562,20.326535436338947,20.495254516601562,3500,0.0,0.0,0.0
2014-02-03 00:00:00-05:00,20.326533461259768,20.326533461259768,20.08550797847908,20.133712768554688,5300,0.0,0.0,0.0
2014-02-04 00:00:00-05:00,20.085505097178995,20.286360148150784,20.085505097178995,20.238155364990234,9200,0.0,0.0,0.0
2014-02-05 00:00:00-05:00,20.125675201416016,20.13370958722621,20.05336726152666,20.125675201416016,5500,0.0,0.0,0.0
2014-02-06 00:00:00-05:00,20.40687489199992,20.575593948364258,20.40687489199992,20.575593948364258,4700,0.0,0.0,0.0
2014-02-07 00:00:00-05:00,20.760383341778684,20.808588136899054,20.53542507721227,20.672006607055664,6500,0.0,0.0,0.0
2014-02-10 00:00:00-05:00,20.856791552496173,20.864825939885286,20.688074014532894,20.848758697509766,6900,0.0,0.0,0.0
2014-02-11 00:00:00-05:00,20.95320193196357,21.001406722200475,20.88089398040689,20.969270706176758,5400,0.0,0.0,0.0
2014-02-12 00:00:00-05:00,20.88892809427689,20.937132883883255,20.768415354059666,20.88089370727539,2900,0.0,0.0,0.0
2014-02-13 00:00:00-05:00,20.78448855848197,20.87286376953125,20.688077426315626,20.87286376953125,3400,0.0,0.0,0.0
2014-02-14 00:00:00-05:00,20.880894979574386,20.937134159608974,20.848758962012933,20.88892936706543,7100,0.0,0.0,0.0
2014-02-18 00:00:00-05:00,20.92106464088257,20.961235041564652,20.824653533881992,20.937131881713867,5700,0.0,0.0,0.0
2014-02-19 00:00:00-05:00,20.969274901697595,21.07371889017509,20.856794992103033,20.87286376953125,22000,0.0,0.0,0.0
2014-02-20 00:00:00-05:00,20.961235041564652,20.985338201415438,20.768414359966055,20.937131881713867,5800,0.0,0.0,0.0
2014-02-21 00:00:00-05:00,21.07371584909178,21.170126967345333,20.93713432546751,21.113887786865234,6100,0.0,0.0,0.0
2014-02-24 00:00:00-05:00,21.194226774322605,21.194226774322605,20.937132524300598,20.977304458618164,7900,0.0,0.0,0.0
2014-02-25 00:00:00-05:00,21.08978664535624,21.08978664535624,20.929101943668563,20.953205108642578,9400,0.0,0.0,0.0
2014-02-26 00:00:00-05:00,20.96123695373535,21.01747613278166,20.921066549388758,20.96123695373535,11200,0.0,0.0,0.0
2014-02-27 00:00:00-05:00,20.985341281004892,21.081750869750977,20.96123811761698,21.081750869750977,7100,0.0,0.0,0.0
2014-02-28 00:00:00-05:00,21.170132324586735,21.218337129710687,20.961242792512113,21.13799476623535,15100,0.0,0.0,0.0
2014-03-03 00:00:00-05:00,21.226368845653262,21.25850486755371,20.953205763686256,21.25850486755371,10200,0.0,0.0,0.0
2014-03-04 00:00:00-05:00,21.467391705642765,21.483460480797646,21.314742938879608,21.451324462890625,16200,0.0,0.0,0.0
2014-03-05 00:00:00-05:00,21.531662267596154,21.620038986206055,21.403115149110402,21.620038986206055,5200,0.0,0.0,0.0
2014-03-06 00:00:00-05:00,21.66824711777138,21.853034969975173,21.66824711777138,21.804828643798828,9600,0.0,0.0,0.0
2014-03-07 00:00:00-05:00,21.820897792065757,21.820897792065757,21.66824748803771,21.756624221801758,3600,0.0,0.0,0.0
2014-03-10 00:00:00-04:00,21.539696654051827,21.66824377253758,21.539696654051827,21.620038986206055,1900,0.0,0.0,0.0
2014-03-11 00:00:00-04:00,21.77269438611153,21.77269438611153,21.61200968400181,21.62807846069336,3000,0.0,0.0,0.0
2014-03-12 00:00:00-04:00,21.58790805136737,21.62807846069336,21.499531311966734,21.62807846069336,1600,0.0,0.0,0.0
2014-03-13 00:00:00-04:00,21.507564653394564,21.51559904134925,21.298675163781134,21.346879959106445,3500,0.0,0.0,0.0
2014-03-14 00:00:00-04:00,21.29867426675957,21.35491344767098,21.29867426675957,21.314743041992188,700,0.0,0.0,0.0
2014-03-17 00:00:00-04:00,21.595936557955824,21.595936557955824,21.298671911044767,21.523630142211914,5600,0.0,0.0,0.0
2014-03-18 00:00:00-04:00,21.63610656761027,21.63610656761027,21.49952507019043,21.49952507019043,2900,0.0,0.0,0.0
2014-03-19 00:00:00-04:00,21.740554107514452,21.740554107514452,21.43525505065918,21.43525505065918,2800,0.0,0.0,0.0
2014-03-20 00:00:00-04:00,21.15405835084296,21.387050994467693,21.129955187998167,21.266536712646484,24300,0.0,0.0,0.0
2014-03-21 00:00:00-04:00,21.370984653430224,21.483463028045232,21.23440311322503,21.44329261779785,1700,0.0,0.0,0.0
2014-03-24 00:00:00-04:00,21.692350228799924,21.692350228799924,21.354913608389147,21.51559829711914,7300,0.0,0.0,0.0
2014-03-25 00:00:00-04:00,21.491498188337847,21.612010955810547,21.3870541985023,21.612010955810547,6100,0.0,0.0,0.0
2014-03-26 00:00:00-04:00,22.021755591140113,22.021755591140113,21.612010955810547,21.612010955810547,58000,0.0,0.0,0.0
2014-03-27 00:00:00-04:00,21.612007776308452,21.64414532685477,21.57183737052831,21.603973388671875,1900,0.0,0.0,0.0
2014-03-28 00:00:00-04:00,21.756625493053438,21.78876304626465,21.756625493053438,21.78876304626465,1400,0.0,0.0,0.0
2014-03-31 00:00:00-04:00,21.708417339329557,22.05388832092285,21.708417339329557,22.05388832092285,6600,0.0,0.0,0.0
2014-04-01 00:00:00-04:00,21.869104008851558,22.14226708333856,21.86106962049572,21.96551513671875,5100,0.0,0.0,0.0
2014-04-02 00:00:00-04:00,22.166369493806194,22.166369493806194,21.917309592865347,22.086027145385742,13800,0.0,0.0,0.0
2014-04-03 00:00:00-04:00,22.061921175580824,22.1663666749662,21.901238031576423,22.05388832092285,5600,0.0,0.0,0.0
2014-04-04 00:00:00-04:00,22.094062784765526,22.14226758358674,21.780729293823242,21.780729293823242,7500,0.0,0.0,0.0
2014-04-07 00:00:00-04:00,21.8530336945989,21.8530336945989,21.748588193048512,21.79679298400879,5000,0.0,0.0,0.0
2014-04-08 00:00:00-04:00,21.861070254707094,21.933378219604492,21.732523102090155,21.933378219604492,8400,0.0,0.0,0.0
2014-04-09 00:00:00-04:00,22.04585737209264,22.077993392944336,21.780728687353896,22.077993392944336,29500,0.0,0.0,0.0
2014-04-10 00:00:00-04:00,22.102094215263964,22.126197377650183,21.724487198962876,21.812862396240234,3300,0.0,0.0,0.0
2014-04-11 00:00:00-04:00,21.772689264058833,21.772689264058833,21.620038986206055,21.620038986206055,11500,0.0,0.0,0.0
2014-04-14 00:00:00-04:00,21.780726111465565,21.788760498829028,21.483459908628305,21.74858856201172,4400,0.0,0.0,0.0
2014-04-15 00:00:00-04:00,21.828931380350095,21.845000155428227,21.523632315879272,21.587905883789062,2300,0.0,0.0,0.0
2014-04-16 00:00:00-04:00,22.005684645860534,22.013719033887693,21.86106872617731,21.88517189025879,2000,0.0,0.0,0.0
2014-04-17 00:00:00-04:00,22.077992122124787,22.09406089782715,21.981582532716196,22.09406089782715,3000,0.0,0.0,0.0
2014-04-21 00:00:00-04:00,22.110129674648412,22.126198450351588,22.07799212324206,22.1181640625,12200,0.0,0.0,0.0
2014-04-22 00:00:00-04:00,22.126198076795102,22.14226531982422,21.981582162713654,22.14226531982422,6000,0.0,0.0,0.0
2014-04-23 00:00:00-04:00,22.08602905439187,22.09406344316865,22.061925888061523,22.061925888061523,2000,0.0,0.0,0.0
2014-04-24 00:00:00-04:00,22.053892774614905,22.053892774614905,21.836968877379306,21.997652053833008,6700,0.0,0.0,0.0
2014-04-25 00:00:00-04:00,22.053890599213275,22.053890599213275,21.941410701147483,21.95747947692871,3000,0.0,0.0,0.0
2014-04-28 00:00:00-04:00,21.99765255573019,21.99765255573019,21.83696937561035,21.83696937561035,3600,0.0,0.0,0.0
2014-04-29 00:00:00-04:00,22.094063305788335,22.094063305788335,21.8851737960998,21.909276962280273,2600,0.0,0.0,0.0
2014-04-30 00:00:00-04:00,21.88517278556324,22.08602789725057,21.88517278556324,21.96551513671875,4400,0.0,0.0,0.0
2014-05-01 00:00:00-04:00,22.198505626695557,22.198505626695557,21.949445724487305,21.949445724487305,3500,0.0,0.0,0.0
2014-05-02 00:00:00-04:00,22.142265956161985,22.198505139387056,22.04585636560552,22.158334732055664,5000,0.0,0.0,0.0
2014-05-05 00:00:00-04:00,22.134231568215142,22.182437895896186,22.06192360909639,22.158334732055664,3000,0.0,0.0,0.0
2014-05-06 00:00:00-04:00,22.09406063323557,22.1101294087455,22.013718288088704,22.029787063598633,3000,0.0,0.0,0.0
2014-05-07 00:00:00-04:00,22.094060159484112,22.238676071166992,22.094060159484112,22.238676071166992,3600,0.0,0.0,0.0
2014-05-08 00:00:00-04:00,22.35919163665794,22.391329191037013,22.294918060302734,22.294918060302734,1900,0.0,0.0,0.0
2014-05-09 00:00:00-04:00,22.31098402507529,22.31098402507529,22.134230563076976,22.21457290649414,50200,0.0,0.0,0.0
2014-05-12 00:00:00-04:00,22.190470546091028,22.407392874057127,22.190470546091028,22.383291244506836,2300,0.0,0.0,0.0
2014-05-13 00:00:00-04:00,22.375259285789415,22.48773765563965,22.375259285789415,22.48773765563965,10000,0.0,0.0,0.0
2014-05-14 00:00:00-04:00,22.495773057211373,22.552012244669932,22.431499481201172,22.431499481201172,18600,0.0,0.0,0.0
2014-05-15 00:00:00-04:00,22.584146324739915,22.584146324739915,22.310983285616707,22.335084915161133,1600,0.0,0.0,0.0
2014-05-16 00:00:00-04:00,22.431494397924837,22.44756317138672,22.367220836479884,22.44756317138672,11900,0.0,0.0,0.0
2014-05-19 00:00:00-04:00,22.47166734270071,22.47166734270071,22.375257755822158,22.415428161621094,7400,0.0,0.0,0.0
2014-05-20 00:00:00-04:00,22.45560148683862,22.45560148683862,22.262779236365954,22.310985565185547,9200,0.0,0.0,0.0
2014-05-21 00:00:00-04:00,22.399361927976326,22.40739631652832,22.214575588489268,22.40739631652832,6800,0.0,0.0,0.0
2014-05-22 00:00:00-04:00,22.44756799986573,22.44756799986573,22.343122482299805,22.343122482299805,1300,0.0,0.0,0.0
2014-05-23 00:00:00-04:00,22.3190201008643,22.50380643201907,22.3190201008643,22.48773765563965,17600,0.0,0.0,0.0
2014-05-27 00:00:00-04:00,22.584148781513317,22.584148781513317,22.33508734484086,22.48773765563965,13800,0.0,0.0,0.0
2014-05-28 00:00:00-04:00,22.447564706620966,22.503803885181288,22.447564706620966,22.47166633605957,9000,0.0,0.0,0.0
2014-05-29 00:00:00-04:00,22.592179247064553,22.62431526184082,22.439528962770158,22.62431526184082,7900,0.0,0.0,0.0
2014-05-30 00:00:00-04:00,22.61628161065783,22.61628161065783,22.52790641784668,22.52790641784668,3300,0.0,0.0,0.0
2014-06-02 00:00:00-04:00,22.407394304129557,22.592182159423828,22.407394304129557,22.592182159423828,15400,0.0,0.0,0.0
2014-06-03 00:00:00-04:00,22.79303505397824,22.79303505397824,22.359187347503248,22.479700088500977,4400,0.0,0.0,0.0
2014-06-04 00:00:00-04:00,22.415428533863814,22.495770879198652,22.335086188528976,22.367223739624023,8300,0.0,0.0,0.0
2014-06-05 00:00:00-04:00,22.415425531857966,22.632349375489472,22.415425531857966,22.560041427612305,8700,0.0,0.0,0.0
2014-06-06 00:00:00-04:00,22.62431870345866,22.696626663208008,22.62431870345866,22.696626663208008,1000,0.0,0.0,0.0
2014-06-09 00:00:00-04:00,22.736795794435064,22.736795794435064,22.60824865818688,22.664487838745117,2500,0.0,0.0,0.0
2014-06-10 00:00:00-04:00,22.7528620274538,22.7528620274538,22.51183655701824,22.720726013183594,6500,0.0,0.0,0.0
2014-06-11 00:00:00-04:00,22.592180615707026,22.592180615707026,22.463631951606658,22.495769500732422,2300,0.0,0.0,0.0
2014-06-12 00:00:00-04:00,22.61628389869419,22.61628389869419,22.367224004370733,22.45560073852539,9900,0.0,0.0,0.0
2014-06-13 00:00:00-04:00,22.41543082441838,22.41543082441838,22.294918060302734,22.294918060302734,3600,0.0,0.0,0.0
2014-06-16 00:00:00-04:00,22.294914780264005,22.4234619140625,22.28688039285126,22.4234619140625,2000,0.0,0.0,0.0
2014-06-17 00:00:00-04:00,22.535941443430946,22.576113382580985,22.29491593814188,22.568078994750977,4300,0.0,0.0,0.0
2014-06-18 00:00:00-04:00,22.664490878475174,22.664490878475174,22.51987648010254,22.51987648010254,9300,0.0,0.0,0.0
2014-06-19 00:00:00-04:00,22.921582637809482,22.921582637809482,22.736794796709102,22.79303550720215,38100,0.0,0.0,0.0
2014-06-20 00:00:00-04:00,22.929617025022775,22.929617025022775,22.785001119988856,22.79303550720215,7000,0.0,0.0,0.0
2014-06-23 00:00:00-04:00,22.89748101701174,22.95372019888662,22.8010698963671,22.817138671875,19200,0.0,0.0,0.0
2014-06-24 00:00:00-04:00,22.99389224786227,23.194747345465387,22.728763580322266,22.728763580322266,6300,0.0,0.0,0.0
2014-06-25 00:00:00-04:00,22.956294508193118,22.98067343201904,22.810024065107104,22.842529296875,31300,0.32,0.0,0.0
2014-06-26 00:00:00-04:00,22.818147563119425,22.834400177001953,22.68812975192834,22.834400177001953,27100,0.0,0.0,0.0
2014-06-27 00:00:00-04:00,22.801893064768894,22.818145677308223,22.728757858276367,22.728757858276367,24700,0.0,0.0,0.0
2014-06-30 00:00:00-04:00,22.8587756587221,22.899407190070416,22.7206315520067,22.728757858276367,45100,0.0,0.0,0.0
2014-07-01 00:00:00-04:00,22.834402533821265,22.866906215006573,22.79377099492122,22.858779907226562,10700,0.0,0.0,0.0
2014-07-02 00:00:00-04:00,22.79377394398099,22.940044403076172,22.79377394398099,22.940044403076172,13100,0.0,0.0,0.0
2014-07-03 00:00:00-04:00,23.045681944575293,23.045681944575293,22.883158888433584,22.94816780090332,4100,0.0,0.0,0.0
2014-07-07 00:00:00-04:00,22.948166798633462,22.96441941352474,22.858778966666097,22.9562931060791,21300,0.0,0.0,0.0
2014-07-08 00:00:00-04:00,23.118814720207915,23.118814720207915,22.769391271406413,22.834400177001953,5200,0.0,0.0,0.0
2014-07-09 00:00:00-04:00,22.78564854495926,22.801899612230567,22.688134391656995,22.753143310546875,2700,0.0,0.0,0.0
2014-07-10 00:00:00-04:00,22.3549612515744,22.533735373148176,22.346834943784494,22.51748275756836,3900,0.0,0.0,0.0
2014-07-11 00:00:00-04:00,22.387461875911033,22.48497600614016,22.37933711916525,22.452470779418945,3800,0.0,0.0,0.0
2014-07-14 00:00:00-04:00,22.65562379662298,22.65562379662298,22.452470779418945,22.452470779418945,3400,0.0,0.0,0.0
2014-07-15 00:00:00-04:00,22.549989199060047,22.606871806707744,22.403718750860357,22.43622398376465,6600,0.0,0.0,0.0
2014-07-16 00:00:00-04:00,22.379338986067925,22.59874308500092,22.379338986067925,22.55811309814453,6600,0.0,0.0,0.0
2014-07-17 00:00:00-04:00,22.590623940004704,22.590623940004704,22.346840841705607,22.444355010986328,4200,0.0,0.0,0.0
2014-07-18 00:00:00-04:00,22.363087015600307,22.541861132827144,22.363087015600307,22.509357452392578,2700,0.0,0.0,0.0
2014-07-21 00:00:00-04:00,22.395595691803315,22.493109854728804,22.395595691803315,22.468730926513672,3600,0.0,0.0,0.0
2014-07-22 00:00:00-04:00,22.558114296517896,22.566240604307804,22.468726460763644,22.51748275756836,5000,0.0,0.0,0.0
2014-07-23 00:00:00-04:00,22.61500286980867,22.61500286980867,22.379346081444226,22.444355010986328,4700,0.0,0.0,0.0
2014-07-24 00:00:00-04:00,22.566233502512695,22.566233502512695,22.48497200012207,22.48497200012207,4100,0.0,0.0,0.0
2014-07-25 00:00:00-04:00,22.371212036929737,22.371212036929737,22.26557159423828,22.26557159423828,4700,0.0,0.0,0.0
2014-07-28 00:00:00-04:00,22.25744799935019,22.289953231811523,22.25744799935019,22.289953231811523,2100,0.0,0.0,0.0
2014-07-29 00:00:00-04:00,22.338708368839434,22.338708368839434,22.127429018632785,22.224943161010742,8100,0.0,0.0,0.0
2014-07-30 00:00:00-04:00,22.224939941167005,22.224939941167005,21.981155395507812,21.981155395507812,10500,0.0,0.0,0.0
2014-07-31 00:00:00-04:00,21.786128806965344,22.029913353945215,21.786128806965344,21.818634033203125,6300,0.0,0.0,0.0
2014-08-01 00:00:00-04:00,21.696742534680435,21.818634033203125,21.680489921561545,21.818634033203125,4000,0.0,0.0,0.0
2014-08-04 00:00:00-04:00,21.778007459308302,21.89990053552082,21.7617563924235,21.883647918701172,2700,0.0,0.0,0.0
2014-08-05 00:00:00-04:00,21.924277256285905,21.981159863521647,21.924277256285905,21.932403564453125,5100,0.0,0.0,0.0
2014-08-06 00:00:00-04:00,21.940529926194053,22.05429514094333,21.940529926194053,22.021791458129883,17000,0.0,0.0,0.0
2014-08-07 00:00:00-04:00,21.981157631557267,21.981157631557267,21.76987984040186,21.786130905151367,2100,0.0,0.0,0.0
2014-08-08 00:00:00-04:00,21.74550382617821,21.97303581237793,21.74550382617821,21.97303581237793,4700,0.0,0.0,0.0
2014-08-11 00:00:00-04:00,22.07867185754643,22.119301844483775,22.07867185754643,22.111175537109375,10800,0.0,0.0,0.0
2014-08-12 00:00:00-04:00,22.119301844483775,22.119301844483775,22.06241924279763,22.111175537109375,8200,0.0,0.0,0.0
2014-08-13 00:00:00-04:00,22.08679616420403,22.20868766390926,22.08679616420403,22.127426147460938,5700,0.0,0.0,0.0
2014-08-14 00:00:00-04:00,22.24119587422441,22.24119587422441,22.151808039146,22.208690643310547,11200,0.0,0.0,0.0
2014-08-15 00:00:00-04:00,22.265574307465524,22.30620584804219,22.15180909372045,22.289953231811523,7600,0.0,0.0,0.0
2014-08-18 00:00:00-04:00,22.346833988369745,22.436221820302315,22.338707680927268,22.37933921813965,3500,0.0,0.0,0.0
2014-08-19 00:00:00-04:00,22.566240349432903,22.566240349432903,22.428096218434206,22.460599899291992,1800,0.0,0.0,0.0
2014-08-20 00:00:00-04:00,22.858779676891828,22.858779676891828,22.444348833830457,22.460599899291992,2800,0.0,0.0,0.0
2014-08-21 00:00:00-04:00,22.25744298244015,22.484974908578558,22.25744298244015,22.476848602294922,3200,0.0,0.0,0.0
2014-08-22 00:00:00-04:00,22.43622626082283,22.43622626082283,22.241199493408203,22.241199493408203,2500,0.0,0.0,0.0
2014-08-25 00:00:00-04:00,22.28995548498738,22.363090715483445,22.28995548498738,22.330585479736328,3700,0.0,0.0,0.0
2014-08-26 00:00:00-04:00,22.23306987750105,22.436222923750336,22.23306987750105,22.354961395263672,12600,0.0,0.0,0.0
2014-08-27 00:00:00-04:00,22.289951834402753,22.444348579045005,22.289951834402753,22.403717041015625,8600,0.0,0.0,0.0
2014-08-28 00:00:00-04:00,22.233070072684498,22.330582667776763,22.233070072684498,22.32245635986328,5400,0.0,0.0,0.0
2014-08-29 00:00:00-04:00,22.28182812544983,22.31433180972943,22.24932289123535,22.24932289123535,3800,0.0,0.0,0.0
2014-09-02 00:00:00-04:00,22.2980739102564,22.330577584576627,22.257442379938116,22.27369499206543,6700,0.0,0.0,0.0
2014-09-03 00:00:00-04:00,22.517484572609778,22.517484572609778,22.273701519001133,22.298080444335938,3700,0.0,0.0,0.0
2014-09-04 00:00:00-04:00,22.23306658382411,22.24931764716617,22.094922470842313,22.127426147460938,3700,0.0,0.0,0.0
2014-09-05 00:00:00-04:00,22.11117353418437,22.143678760737505,22.11117353418437,22.127426147460938,6100,0.0,0.0,0.0
2014-09-08 00:00:00-04:00,22.2493223920109,22.2493223920109,22.07054825764719,22.135557174682617,2100,0.0,0.0,0.0
2014-09-09 00:00:00-04:00,22.159930847049967,22.159930847049967,22.00553412446316,22.013660430908203,5700,0.0,0.0,0.0
2014-09-10 00:00:00-04:00,21.940532684326172,21.94865899353479,21.83489376448415,21.940532684326172,2400,0.0,0.0,0.0
2014-09-11 00:00:00-04:00,21.92427690609186,21.92427690609186,21.891773223876953,21.891773223876953,1000,0.0,0.0,0.0
2014-09-12 00:00:00-04:00,21.859268993471698,21.924277910815444,21.818639001357425,21.883647918701172,5600,0.0,0.0,0.0
2014-09-15 00:00:00-04:00,21.93240240562046,21.93240240562046,21.81051088942208,21.867393493652344,3300,0.0,0.0,0.0
2014-09-16 00:00:00-04:00,21.786128500250516,22.127425621269808,21.786128500250516,22.013660430908203,4700,0.0,0.0,0.0
2014-09-17 00:00:00-04:00,22.062421647134627,22.062421647134627,21.989286422729492,21.989286422729492,1200,0.0,0.0,0.0
2014-09-18 00:00:00-04:00,21.95678105159237,22.15180778503418,21.95678105159237,22.15180778503418,2100,0.0,0.0,0.0
2014-09-19 00:00:00-04:00,22.314333795435264,22.314333795435264,22.103055953979492,22.103055953979492,8200,0.0,0.0,0.0
2014-09-22 00:00:00-04:00,22.05429297390996,22.05429297390996,21.924275155561983,21.964906692504883,4500,0.0,0.0,0.0
2014-09-23 00:00:00-04:00,22.038046844894577,22.038046844894577,21.9080274474917,21.940532684326172,6400,0.0,0.0,0.0
2014-09-24 00:00:00-04:00,22.159937571627356,22.159937571627356,21.843017723837317,21.916152954101562,2900,0.0,0.0,0.0
2014-09-25 00:00:00-04:00,21.859268591965915,21.867394900226476,21.73737706792712,21.753629684448242,5200,0.0,0.0,0.0
2014-09-26 00:00:00-04:00,21.721121836457062,21.721121836457062,21.712995529174805,21.712995529174805,1300,0.0,0.0,0.0
2014-09-29 00:00:00-04:00,21.71299582429718,21.745501053868022,21.542348018854234,21.62360954284668,2900,0.0,0.0,0.0
2014-09-30 00:00:00-04:00,21.7292486961214,21.769880233565587,21.664239786145373,21.680492401123047,2700,0.0,0.0,0.0
2014-10-01 00:00:00-04:00,21.802383004089158,21.802383004089158,21.33106803894043,21.33106803894043,3500,0.0,0.0,0.0
2014-10-02 00:00:00-04:00,21.314813105329893,21.314813105329893,21.046651198302733,21.095407485961914,4000,0.0,0.0,0.0
2014-10-03 00:00:00-04:00,21.469208981450684,21.469208981450684,21.136038187316146,21.176668167114258,9000,0.0,0.0,0.0
2014-10-06 00:00:00-04:00,21.282313453605433,21.363574981689453,21.282313453605433,21.363574981689453,3500,0.0,0.0,0.0
2014-10-07 00:00:00-04:00,21.127918092515905,21.225432242606537,21.046656559096185,21.05478286743164,18400,0.0,0.0,0.0
2014-10-08 00:00:00-04:00,20.981645723845865,20.981645723845865,20.819124221801758,20.819124221801758,1800,0.0,0.0,0.0
2014-10-09 00:00:00-04:00,21.071032641188445,21.11978893468812,20.802870702038295,20.810997009277344,6900,0.0,0.0,0.0
2014-10-10 00:00:00-04:00,20.80286929968323,20.80286929968323,20.526581071919065,20.583463668823242,34800,0.0,0.0,0.0
2014-10-13 00:00:00-04:00,20.591592829010175,20.60784544464488,20.485952377319336,20.485952377319336,2100,0.0,0.0,0.0
2014-10-14 00:00:00-04:00,20.445319294603703,20.689102292498724,20.445319294603703,20.526580810546875,6900,0.0,0.0,0.0
2014-10-15 00:00:00-04:00,20.44531839189614,20.51845359802246,20.120273892409404,20.51845359802246,19800,0.0,0.0,0.0
2014-10-16 00:00:00-04:00,20.567213611289542,20.575339918990625,20.39656579937093,20.534709930419922,2400,0.0,0.0,0.0
2014-10-17 00:00:00-04:00,20.876008732677068,20.876008732677068,20.60784675736152,20.62409782409668,15700,0.0,0.0,0.0
2014-10-20 00:00:00-04:00,20.59972292191647,20.916641235351562,20.59972292191647,20.916641235351562,1200,0.0,0.0,0.0
2014-10-21 00:00:00-04:00,20.941011323338483,21.103532791137695,20.941011323338483,21.103532791137695,3200,0.0,0.0,0.0
2014-10-22 00:00:00-04:00,21.136044248848698,21.136044248848698,20.981647491455078,20.981647491455078,5600,0.0,0.0,0.0
2014-10-23 00:00:00-04:00,21.152296865402725,21.152296865402725,20.981647491455078,20.981647491455078,9200,0.0,0.0,0.0
2014-10-24 00:00:00-04:00,21.2741890947538,21.2741890947538,21.201053867771662,21.257936477661133,4500,0.0,0.0,0.0
2014-10-27 00:00:00-04:00,21.233559170673807,21.233559170673807,21.046658709665152,21.11166763305664,10400,0.0,0.0,0.0
2014-10-28 00:00:00-04:00,21.241681914596057,21.371699739556597,21.241681914596057,21.363574981689453,4400,0.0,0.0,0.0
2014-10-29 00:00:00-04:00,21.582980305649386,21.582980305649386,21.257935724979255,21.32294464111328,13400,0.0,0.0,0.0
2014-10-30 00:00:00-04:00,21.37982339702594,21.574850110290424,21.290437122155478,21.42858123779297,4700,0.0,0.0,0.0
2014-10-31 00:00:00-04:00,21.688619809852877,21.72112349152393,21.607358280773116,21.65611457824707,6500,0.0,0.0,0.0
2014-11-03 00:00:00-05:00,21.89177014111638,21.89177014111638,21.46108517539007,21.485464096069336,13500,0.0,0.0,0.0
2014-11-04 00:00:00-05:00,21.37982204159934,21.574848742499622,21.347318366416513,21.436704635620117,4200,0.0,0.0,0.0
2014-11-05 00:00:00-05:00,21.688618452053706,21.688618452053706,21.493591724432626,21.62360954284668,4800,0.0,0.0,0.0
2014-11-06 00:00:00-05:00,21.704872188008522,21.704872188008522,21.469215444357516,21.558603286743164,3200,0.0,0.0,0.0
2014-11-07 00:00:00-05:00,21.558599603248794,21.778003692626953,21.558599603248794,21.778003692626953,5500,0.0,0.0,0.0
2014-11-10 00:00:00-05:00,21.75362513066206,21.859264016065854,21.72924621098372,21.818634033203125,3600,0.0,0.0,0.0
2014-11-11 00:00:00-05:00,21.90801999705716,22.054290413198927,21.90801999705716,22.013660430908203,2600,0.0,0.0,0.0
2014-11-12 00:00:00-05:00,21.93239891639228,22.021786737353242,21.93239891639228,22.013660430908203,3400,0.0,0.0,0.0
2014-11-13 00:00:00-05:00,22.038041870609085,22.111175537109375,22.013662948485887,22.111175537109375,3800,0.0,0.0,0.0
2014-11-14 00:00:00-05:00,22.143685950428292,22.143685950428292,22.06242440759568,22.103055953979492,3600,0.0,0.0,0.0
2014-11-17 00:00:00-05:00,21.90802099388945,22.046165109871843,21.90802099388945,22.005535125732422,6400,0.0,0.0,0.0
2014-11-18 00:00:00-05:00,22.25744799935019,22.322456914338062,22.25744799935019,22.289953231811523,3100,0.0,0.0,0.0
2014-11-19 00:00:00-05:00,22.273700615580857,22.34683583868406,22.086800178732577,22.289953231811523,23200,0.0,0.0,0.0
2014-11-20 00:00:00-05:00,22.09492618177439,22.35496183813546,22.09492618177439,22.1436824798584,73000,0.0,0.0,0.0
2014-11-21 00:00:00-05:00,22.249325701528353,22.371218795293977,22.23307463230333,22.2574520111084,169100,0.0,0.0,0.0
2014-11-24 00:00:00-05:00,22.354960108537398,22.371212723286195,22.094924472295226,22.111175537109375,7800,0.0,0.0,0.0
2014-11-25 00:00:00-05:00,22.338708407916975,22.338708407916975,22.086799068740753,22.11930274963379,7000,0.0,0.0,0.0
2014-11-26 00:00:00-05:00,22.12743167024112,22.159936904907227,21.989287522779957,22.159936904907227,7200,0.0,0.0,0.0
2014-11-28 00:00:00-05:00,22.02991304379828,22.03803935024332,21.93239891639228,22.013660430908203,1700,0.0,0.0,0.0
2014-12-01 00:00:00-05:00,21.891773420918813,21.89989972902938,21.7373766666877,21.859268188476562,2100,0.0,0.0,0.0
2014-12-02 00:00:00-05:00,21.899896747757087,21.956779346852702,21.778003692626953,21.778003692626953,20500,0.0,0.0,0.0
2014-12-03 00:00:00-05:00,21.964909047884326,22.094926880174604,21.908024890064365,21.989286422729492,8100,0.0,0.0,0.0
2014-12-04 00:00:00-05:00,22.038041031226694,22.038041031226694,21.851139068603516,21.851139068603516,9000,0.0,0.0,0.0
2014-12-05 00:00:00-05:00,21.834890966316078,21.964908797122007,21.834890966316078,21.932403564453125,2500,0.0,0.0,0.0
2014-12-08 00:00:00-05:00,21.721121093531334,21.81050892064421,21.6073558953401,21.778003692626953,20900,0.0,0.0,0.0
2014-12-09 00:00:00-05:00,21.688619217710567,21.79425811767578,21.60735769084941,21.79425811767578,5300,0.0,0.0,0.0
2014-12-10 00:00:00-05:00,21.859269048144533,21.859269048144533,21.54235076904297,21.54235076904297,8700,0.0,0.0,0.0
2014-12-11 00:00:00-05:00,21.44483621796974,21.64798927513106,21.396079918232775,21.41233253479004,8400,0.0,0.0,0.0
2014-12-12 00:00:00-05:00,21.249808605616916,21.517970568175905,21.062908172607422,21.062908172607422,62400,0.0,0.0,0.0
2014-12-15 00:00:00-05:00,20.965395430453153,21.06290958242648,20.843503902937645,20.94914436340332,11200,0.0,0.0,0.0
2014-12-16 00:00:00-05:00,20.778489140834083,21.233551438872045,20.494074623334946,20.87600326538086,21900,0.0,0.0,0.0
2014-12-17 00:00:00-05:00,20.95796598810754,21.285818099975586,20.671094803977176,21.285818099975586,4800,0.22,0.0,0.0
2014-12-18 00:00:00-05:00,21.466139906191604,21.54810333251953,21.400569477793724,21.54810333251953,10300,0.0,0.0,0.0
2014-12-19 00:00:00-05:00,21.441550473545497,21.93332946966435,21.441550473545497,21.85136604309082,9600,0.0,0.0,0.0
2014-12-22 00:00:00-05:00,21.843170868655786,21.916937800712905,21.71203000351478,21.884153366088867,13600,0.0,0.0,0.0
2014-12-23 00:00:00-05:00,22.007099342378474,22.072669779747887,21.867761967553157,21.908742904663086,5600,0.0,0.0,0.0
2014-12-24 00:00:00-05:00,21.908742094823285,22.072668963848656,21.908742094823285,22.015295028686523,43700,0.0,0.0,0.0
2014-12-26 00:00:00-05:00,22.113649009507398,22.113649009507398,22.072668075561523,22.072668075561523,800,0.0,0.0,0.0
2014-12-29 00:00:00-05:00,22.1054537186305,22.187417154325875,21.86776147476867,22.031686782836914,47500,0.0,0.0,0.0
2014-12-30 00:00:00-05:00,21.826774791861332,22.039879058495973,21.777597365198634,21.96611213684082,38900,0.0,0.0,0.0
2014-12-31 00:00:00-05:00,22.064469876351236,22.064469876351236,21.638261317528862,21.761205673217773,3900,0.0,0.0,0.0
2015-01-02 00:00:00-05:00,21.72022677687257,21.72022677687257,21.523515476680718,21.59728240966797,1600,0.0,0.0,0.0
2015-01-05 00:00:00-05:00,21.654657928849982,21.654657928849982,21.130094423267522,21.3186092376709,7000,0.0,0.0,0.0
2015-01-06 00:00:00-05:00,21.35958705391168,21.35958705391168,20.982557480202207,21.12189483642578,13000,0.0,0.0,0.0
2015-01-07 00:00:00-05:00,21.31041016802501,21.548103954909262,21.236643238531446,21.302213668823242,8600,0.0,0.0,0.0
2015-01-08 00:00:00-05:00,21.40876607624606,21.777599151452236,21.40876607624606,21.638261795043945,9300,0.0,0.0,0.0
2015-01-09 00:00:00-05:00,21.523513835624456,21.72022512081809,21.523513835624456,21.54810333251953,48500,0.0,0.0,0.0
2015-01-12 00:00:00-05:00,21.548104935691665,21.597282369818277,21.359588572115168,21.57269287109375,7300,0.0,0.0,0.0
2015-01-13 00:00:00-05:00,21.621870797946652,21.85136810130478,21.449748992919922,21.449748992919922,5200,0.0,0.0,0.0
2015-01-14 00:00:00-05:00,21.269431267509884,21.482534013827184,21.269431267509884,21.416963577270508,1700,0.0,0.0,0.0
2015-01-15 00:00:00-05:00,21.46613791852038,21.60547526137913,21.425155427490054,21.49892234802246,1400,0.0,0.0,0.0
2015-01-16 00:00:00-05:00,21.39237607168787,21.548106447893836,21.39237607168787,21.507123947143555,8800,0.0,0.0,0.0
2015-01-20 00:00:00-05:00,21.695636972842898,21.859563835690864,21.556299608418854,21.621870040893555,6500,0.0,0.0,0.0
2015-01-21 00:00:00-05:00,21.720226423194276,21.83497428894043,21.720226423194276,21.83497428894043,1400,0.0,0.0,0.0
2015-01-22 00:00:00-05:00,21.949722390638986,22.195611106174614,21.851365966431338,22.039880752563477,6600,0.0,0.0,0.0
2015-01-23 00:00:00-05:00,21.94153210027591,21.94153210027591,21.81039120643951,21.916942596435547,11700,0.0,0.0,0.0
2015-01-26 00:00:00-05:00,21.843169066940682,22.02348891412786,21.843169066940682,21.97430992126465,4100,0.0,0.0,0.0
2015-01-27 00:00:00-05:00,21.67924723118836,22.056276856547612,21.67924723118836,21.957921981811523,6200,0.0,0.0,0.0
2015-01-28 00:00:00-05:00,22.056279880449715,22.056279880449715,21.802194595336914,21.802194595336914,5000,0.0,0.0,0.0
2015-01-29 00:00:00-05:00,21.802194705159387,21.93333559899579,21.58089386056442,21.916942596435547,6600,0.0,0.0,0.0
2015-01-30 00:00:00-05:00,21.826782535730654,21.851372039447156,21.671053702161096,21.802194595336914,5700,0.0,0.0,0.0
2015-02-02 00:00:00-05:00,21.703833504028164,21.884153366088867,21.621870072484427,21.884153366088867,4200,0.0,0.0,0.0
2015-02-03 00:00:00-05:00,22.03168623916388,22.1300426722357,22.015294803087297,22.089061737060547,5100,0.0,0.0,0.0
2015-02-04 00:00:00-05:00,22.023487625156545,22.08086155015006,21.925131208508937,21.96611213684082,3100,0.0,0.0,0.0
2015-02-05 00:00:00-05:00,21.957923501929823,22.195615768432617,21.957923501929823,22.195615768432617,7100,0.0,0.0,0.0
2015-02-06 00:00:00-05:00,22.228397630119126,22.228397630119126,21.92513341465274,21.941526412963867,8000,0.0,0.0,0.0
2015-02-09 00:00:00-05:00,21.957921093524387,22.10545339966024,21.957921093524387,22.015295028686523,11100,0.0,0.0,0.0
2015-02-10 00:00:00-05:00,22.097256991393472,22.154632490115713,21.990705620411436,22.105453491210938,4800,0.0,0.0,0.0
2015-02-11 00:00:00-05:00,22.1300426722357,22.1300426722357,22.0398827388634,22.089061737060547,1400,0.0,0.0,0.0
2015-02-12 00:00:00-05:00,22.220202472679482,22.252986907958984,22.17102347477654,22.252986907958984,1000,0.0,0.0,0.0
2015-02-13 00:00:00-05:00,22.539862927708015,22.539862927708015,22.433311536275422,22.523469924926758,4200,0.0,0.0,0.0
2015-02-17 00:00:00-05:00,22.48248477850588,22.498877778222695,22.384128343527507,22.457895278930664,4200,0.0,0.0,0.0
2015-02-18 00:00:00-05:00,22.49887348610406,22.580835342407227,22.44149799804076,22.580835342407227,10700,0.0,0.0,0.0
2015-02-19 00:00:00-05:00,22.621819424380426,22.68738985202642,22.507070003508204,22.56444549560547,7600,0.0,0.0,0.0
2015-02-20 00:00:00-05:00,22.539854246028945,22.67919158935547,22.531657747795364,22.67919158935547,14800,0.0,0.0,0.0
2015-02-23 00:00:00-05:00,22.523466187195332,22.638215624298866,22.523466187195332,22.57264518737793,5000,0.0,0.0,0.0
2015-02-24 00:00:00-05:00,22.59722883249163,22.720173182953534,22.59722883249163,22.695585250854492,7500,0.0,0.0,0.0
2015-02-25 00:00:00-05:00,22.73656397008569,22.73656397008569,22.687386547345035,22.720170974731445,3600,0.0,0.0,0.0
2015-02-26 00:00:00-05:00,22.777554729267813,22.777554729267813,22.375934013866022,22.408720016479492,5200,0.0,0.0,0.0
2015-02-27 00:00:00-05:00,22.507075251356618,22.507075251356618,22.384130866269416,22.4497013092041,11900,0.0,0.0,0.0
2015-03-02 00:00:00-05:00,22.31856390422649,22.457901312609646,22.27758295724676,22.433313369750977,4500,0.0,0.0,0.0
2015-03-03 00:00:00-05:00,22.384130712742156,22.384130712742156,22.2202053881911,22.31036376953125,6200,0.0,0.0,0.0
2015-03-04 00:00:00-05:00,22.162830939287367,22.19561537811832,22.13004493713379,22.13004493713379,2400,0.0,0.0,0.0
2015-03-05 00:00:00-05:00,22.072668963848656,22.121846399227273,21.974312529768937,22.015295028686523,5200,0.0,0.0,0.0
2015-03-06 00:00:00-05:00,22.023491545796936,22.023491545796936,21.74481680622805,21.77760124206543,5500,0.0,0.0,0.0
2015-03-09 00:00:00-04:00,21.769404159861452,21.892348526776736,21.769404159861452,21.810386657714844,17600,0.0,0.0,0.0
2015-03-10 00:00:00-04:00,21.654657784769952,21.654657784769952,21.482534408569336,21.482534408569336,2300,0.0,0.0,0.0
2015-03-11 00:00:00-04:00,21.42515843228883,21.44974793035561,21.326803566666502,21.36778450012207,11500,0.0,0.0,0.0
2015-03-12 00:00:00-04:00,21.5726954388405,21.63826587992149,21.548107500511772,21.589088439941406,5200,0.0,0.0,0.0
2015-03-13 00:00:00-04:00,21.58088946228508,21.58088946228508,21.277625230018238,21.384178161621094,10800,0.0,0.0,0.0
2015-03-16 00:00:00-04:00,21.400572571837927,21.51532044729361,21.400572571837927,21.507123947143555,4900,0.0,0.0,0.0
2015-03-17 00:00:00-04:00,21.466142971620865,21.482534408569336,21.367786533317293,21.482534408569336,5000,0.0,0.0,0.0
2015-03-18 00:00:00-04:00,21.416962323353903,21.728423051254648,21.29401795742358,21.671049118041992,154900,0.0,0.0,0.0
2015-03-19 00:00:00-04:00,21.531709072193827,21.531709072193827,21.236641380041913,21.326801300048828,11100,0.0,0.0,0.0
2015-03-20 00:00:00-04:00,21.42516155557761,21.589088439941406,21.42516155557761,21.589088439941406,2900,0.0,0.0,0.0
2015-03-23 00:00:00-04:00,21.564496371518906,21.925134536199767,21.515318937392294,21.57269287109375,7600,0.0,0.0,0.0
2015-03-24 00:00:00-04:00,21.58908484622232,21.58908484622232,21.515317916870117,21.515317916870117,5900,0.0,0.0,0.0
2015-03-25 00:00:00-04:00,21.621870797946652,21.621870797946652,21.449748992919922,21.449748992919922,1200,0.0,0.0,0.0
2015-03-26 00:00:00-04:00,21.294018095874936,21.33500059366646,21.26943016052246,21.26943016052246,2200,0.0,0.0,0.0
2015-03-27 00:00:00-04:00,21.253037121491154,21.318607554512006,21.23664412240533,21.244840621948242,4300,0.0,0.0,0.0
2015-03-30 00:00:00-04:00,21.416967460290373,21.498930911677295,21.38418301772929,21.46614646911621,7600,0.0,0.0,0.0
2015-03-31 00:00:00-04:00,21.433355461721238,21.65465625982815,21.26943016052246,21.26943016052246,5000,0.0,0.0,0.0
2015-04-01 00:00:00-04:00,21.39237505791101,21.498926428167206,21.39237505791101,21.449748992919922,3500,0.0,0.0,0.0
2015-04-02 00:00:00-04:00,21.6710490377414,21.695636972842898,21.58908560631742,21.621870040893555,16400,0.0,0.0,0.0
2015-04-06 00:00:00-04:00,21.63006481870663,21.91693602419562,21.63006481870663,21.761205673217773,5700,0.0,0.0,0.0
2015-04-07 00:00:00-04:00,21.793992472962763,21.89234733581543,21.793992472962763,21.89234733581543,2000,0.0,0.0,0.0
2015-04-08 00:00:00-04:00,21.90874033406499,21.90874033406499,21.89234733581543,21.89234733581543,1200,0.0,0.0,0.0
2015-04-09 00:00:00-04:00,21.949728601556032,21.949728601556032,21.916942596435547,21.916942596435547,1500,0.0,0.0,0.0
2015-04-10 00:00:00-04:00,21.957918529029982,22.007095958665104,21.957918529029982,21.998899459838867,9100,0.0,0.0,0.0
2015-04-13 00:00:00-04:00,21.9743133420325,21.9743133420325,21.908742904663086,21.908742904663086,1700,0.0,0.0,0.0
2015-04-14 00:00:00-04:00,22.0644778175993,22.0644778175993,21.87596296680625,21.949729919433594,1700,0.0,0.0,0.0
2015-04-15 00:00:00-04:00,22.04808091160497,22.195614790746564,21.957922534713784,22.162830352783203,19800,0.0,0.0,0.0
2015-04-16 00:00:00-04:00,22.1136499910284,22.13823949048079,22.072669055263574,22.105453491210938,2700,0.0,0.0,0.0
2015-04-17 00:00:00-04:00,21.900543026551155,21.900543026551155,21.720224742428904,21.761205673217773,8900,0.0,0.0,0.0
2015-04-20 00:00:00-04:00,21.736616712733507,21.875954059481373,21.6956342205593,21.70383071899414,6000,0.0,0.0,0.0
2015-04-21 00:00:00-04:00,21.81858529711224,21.81858529711224,21.736621856689453,21.736621856689453,22200,0.0,0.0,0.0
2015-04-22 00:00:00-04:00,21.687442854442224,21.736621856689453,21.646461915892132,21.736621856689453,3000,0.0,0.0,0.0
2015-04-23 00:00:00-04:00,21.843175648237224,21.957925102836153,21.834979146957103,21.916942596435547,4600,0.0,0.0,0.0
2015-04-24 00:00:00-04:00,21.998907366744202,22.023496872060935,21.925140414116857,21.949729919433594,10800,0.0,0.0,0.0
2015-04-27 00:00:00-04:00,21.966111771766997,21.99889776454537,21.92513084411621,21.92513084411621,6200,0.0,0.0,0.0
2015-04-28 00:00:00-04:00,21.826778490694743,21.900545424850666,21.785797555418103,21.875957489013672,11400,0.0,0.0,0.0
2015-04-29 00:00:00-04:00,21.79399335498035,21.85956378730993,21.785796855523852,21.83497428894043,4400,0.0,0.0,0.0
2015-04-30 00:00:00-04:00,21.77759981871201,21.77759981871201,21.65465545654297,21.65465545654297,2100,0.0,0.0,0.0
2015-05-01 00:00:00-04:00,22.11364957987676,22.277576446533203,21.949724276542778,22.277576446533203,56900,0.0,0.0,0.0
2015-05-04 00:00:00-04:00,22.220202698253456,22.228399197987155,22.097256765570446,22.17922019958496,7300,0.0,0.0,0.0
2015-05-05 00:00:00-04:00,22.056275924941,22.162828858614184,21.990705490112305,21.990705490112305,2600,0.0,0.0,0.0
2015-05-06 00:00:00-04:00,22.146435272393283,22.146435272393283,21.966115408899377,22.02349090576172,4000,0.0,0.0,0.0
2015-05-07 00:00:00-04:00,21.99070539567731,22.17922019958496,21.8923489621954,22.17922019958496,14600,0.0,0.0,0.0
2015-05-08 00:00:00-04:00,22.62182102449794,22.86770975473238,22.62182102449794,22.82672882080078,23400,0.0,0.0,0.0
2015-05-11 00:00:00-04:00,22.711979215967553,22.867709577682266,22.6628017829659,22.68739128112793,35800,0.0,0.0,0.0
2015-05-12 00:00:00-04:00,22.65460745570065,22.70378645673999,22.523466579574187,22.638216018676758,1300,0.0,0.0,0.0
2015-05-13 00:00:00-04:00,22.908690120514358,22.949671050633004,22.769352769459765,22.900493621826172,7100,0.0,0.0,0.0
2015-05-14 00:00:00-04:00,22.949671340572113,23.129989624023438,22.93327834298864,23.129989624023438,6400,0.0,0.0,0.0
2015-05-15 00:00:00-04:00,23.05623120291265,23.097213711988445,23.0398397626052,23.07262420654297,2500,0.0,0.0,0.0
2015-05-18 00:00:00-04:00,22.867710102426393,23.113600399721914,22.867710102426393,23.105403900146484,10000,0.0,0.0,0.0
2015-05-19 00:00:00-04:00,22.998849868774414,23.105402794835285,22.974261934546806,22.998849868774414,6200,0.0,0.0,0.0
2015-05-20 00:00:00-04:00,23.03163794344423,23.187368315332833,23.03163794344423,23.1381893157959,10200,0.0,0.0,0.0
2015-05-21 00:00:00-04:00,23.146382807477558,23.29391666026896,23.121793310904888,23.26932716369629,2200,0.0,0.0,0.0
2015-05-22 00:00:00-04:00,23.220150436928872,23.334898297764365,23.220150436928872,23.31031036376953,17200,0.0,0.0,0.0
2015-05-26 00:00:00-04:00,23.080815517887256,23.080815517887256,22.88410420852897,22.97426414489746,12900,0.0,0.0,0.0
2015-05-27 00:00:00-04:00,23.02343852535839,23.080812454223633,22.900494168743965,23.080812454223633,1400,0.0,0.0,0.0
2015-05-28 00:00:00-04:00,23.023446758974885,23.07262420654297,22.990660751714245,23.07262420654297,2700,0.0,0.0,0.0
2015-05-29 00:00:00-04:00,23.007046048510233,23.031635545718792,22.974261615554504,22.982458114624023,2300,0.0,0.0,0.0
2015-06-01 00:00:00-04:00,22.95787120673826,22.96606770673223,22.605429523610226,22.761159896850586,21400,0.0,0.0,0.0
2015-06-02 00:00:00-04:00,22.843120533344663,22.94967189356008,22.818531036376953,22.818531036376953,4300,0.0,0.0,0.0
2015-06-03 00:00:00-04:00,22.982456613622862,23.089007967922974,22.95786711802026,23.04802703857422,7800,0.0,0.0,0.0
2015-06-04 00:00:00-04:00,22.884103471913324,22.884103471913324,22.621821734544856,22.63001823425293,13900,0.0,0.0,0.0
2015-06-05 00:00:00-04:00,22.5070737329251,22.548056234071083,22.343148418308882,22.515270233154297,2100,0.0,0.0,0.0
2015-06-08 00:00:00-04:00,22.384126041267827,22.392322540283203,22.334948610497904,22.392322540283203,9000,0.0,0.0,0.0
2015-06-09 00:00:00-04:00,22.285772906560943,22.367736339743384,22.252986907958984,22.252986907958984,7200,0.0,0.0,0.0
2015-06-10 00:00:00-04:00,22.441501433109806,22.646409231876895,22.441501433109806,22.539857864379883,5100,0.0,0.0,0.0
2015-06-11 00:00:00-04:00,22.523466503686016,22.58903694152832,22.523466503686016,22.58903694152832,900,0.0,0.0,0.0
2015-06-12 00:00:00-04:00,22.408715538313956,22.408715538313956,22.392322540283203,22.392322540283203,700,0.0,0.0,0.0
2015-06-15 00:00:00-04:00,21.957923538025295,22.326756689409592,21.957923538025295,22.220205307006836,6900,0.0,0.0,0.0
2015-06-16 00:00:00-04:00,22.203812305614825,22.220205307006836,22.15463486476145,22.220205307006836,1400,0.0,0.0,0.0
2015-06-17 00:00:00-04:00,22.154627832907266,22.236589687207406,22.039878422907186,22.18741226196289,6900,0.0,0.0,0.0
2015-06-18 00:00:00-04:00,22.26117818721381,22.4742824381848,22.26117818721381,22.36773109436035,7800,0.0,0.0,0.0
2015-06-19 00:00:00-04:00,22.4742824381848,22.482478935913157,22.36773109436035,22.36773109436035,1000,0.0,0.0,0.0
2015-06-22 00:00:00-04:00,22.416914077998648,22.638214881592393,22.416914077998648,22.50707244873047,1600,0.0,0.0,0.0
2015-06-23 00:00:00-04:00,22.58903364799325,22.605426645894326,22.47428578933037,22.490678787231445,4000,0.0,0.0,0.0
2015-06-24 00:00:00-04:00,22.425107955932617,22.425107955932617,22.425107955932617,22.425107955932617,200,0.0,0.0,0.0
2015-06-25 00:00:00-04:00,22.250889434850485,22.48318862915039,22.250889434850485,22.48318862915039,3500,0.33,0.0,0.0
2015-06-26 00:00:00-04:00,22.516373324102492,22.516373324102492,22.48318862915039,22.48318862915039,400,0.0,0.0,0.0
2015-06-29 00:00:00-04:00,22.126441560482462,22.126441560482462,21.8526611328125,21.8526611328125,4800,0.0,0.0,0.0
2015-06-30 00:00:00-04:00,22.118140491955163,22.317253345894052,22.118140491955163,22.275772094726562,2400,0.0,0.0,0.0
2015-07-01 00:00:00-04:00,22.37532804032829,22.37532804032829,22.21769801778245,22.242586135864258,32700,0.0,0.0,0.0
2015-07-02 00:00:00-04:00,22.35044590604684,22.47489127699812,22.333852767944336,22.333852767944336,10500,0.0,0.0,0.0
2015-07-06 00:00:00-04:00,22.217701426942988,22.408517746088513,22.101551055908203,22.101551055908203,11800,0.0,0.0,0.0
2015-07-07 00:00:00-04:00,21.952216945797936,21.952216945797936,21.80288346069905,21.90243911743164,6000,0.0,0.0,0.0
2015-07-08 00:00:00-04:00,21.811176993670877,21.860954815109523,21.595470990892178,21.653545379638672,41500,0.0,0.0,0.0
2015-07-09 00:00:00-04:00,21.919027703224348,21.92732426996419,21.587172945672275,21.79458236694336,24400,0.0,0.0,0.0
2015-07-10 00:00:00-04:00,22.07666452362442,22.13473892211914,21.960514144226295,22.13473892211914,13100,0.0,0.0,0.0
2015-07-13 00:00:00-04:00,22.13473685529762,22.143033423223418,22.035179622596583,22.084959030151367,9300,0.0,0.0,0.0
2015-07-14 00:00:00-04:00,22.143033896423685,22.159625450221313,22.101551055908203,22.101551055908203,1400,0.0,0.0,0.0
2015-07-15 00:00:00-04:00,22.176219542093442,22.176219542093442,22.068367316922515,22.167922973632812,2500,0.0,0.0,0.0
2015-07-16 00:00:00-04:00,22.317255108704178,22.35873794555664,22.317255108704178,22.35873794555664,2000,0.0,0.0,0.0
2015-07-17 00:00:00-04:00,22.383628530939525,22.41681480407715,22.267479739775048,22.41681480407715,3800,0.0,0.0,0.0
2015-07-20 00:00:00-04:00,22.33384934356971,22.33384934356971,22.192810856140888,22.20940399169922,4300,0.0,0.0,0.0
2015-07-21 00:00:00-04:00,22.284073911290445,22.292370479960173,22.060071304433873,22.0932559967041,28700,0.0,0.0,0.0
2015-07-22 00:00:00-04:00,22.176219788401003,22.176219788401003,21.99370002746582,21.99370002746582,10800,0.0,0.0,0.0
2015-07-23 00:00:00-04:00,22.093252237555017,22.093252237555017,21.836064982188418,21.869251251220703,4700,0.0,0.0,0.0
2015-07-24 00:00:00-04:00,21.94391544585171,21.94391544585171,21.62865226749529,21.66183853149414,1800,0.0,0.0,0.0
2015-07-27 00:00:00-04:00,21.620359556422923,21.620359556422923,21.37976542916579,21.404653549194336,13900,0.0,0.0,0.0
2015-07-28 00:00:00-04:00,21.504211738319203,21.504211738319203,21.22213476105107,21.471025466918945,9200,0.0,0.0,0.0
2015-07-29 00:00:00-04:00,21.52909717353725,21.612059670772823,21.520800607332053,21.58717155456543,900,0.0,0.0,0.0
2015-07-30 00:00:00-04:00,21.595471849674283,21.595471849674283,21.520804323342816,21.545692443847656,2400,0.0,0.0,0.0
2015-07-31 00:00:00-04:00,21.545692443847656,21.545692443847656,21.545692443847656,21.545692443847656,0,0.0,0.0,0.0
2015-08-03 00:00:00-04:00,21.57058103681535,21.719916081794032,21.51250664874773,21.562284469604492,2700,0.0,0.0,0.0
2015-08-04 00:00:00-04:00,21.446136487239915,21.695027183144134,21.446136487239915,21.57887840270996,2400,0.0,0.0,0.0
2015-08-05 00:00:00-04:00,21.711624145507812,21.794588252903626,21.636956607092454,21.711624145507812,1300,0.0,0.0,0.0
2015-08-06 00:00:00-04:00,21.836068877624463,21.836068877624463,21.6120662689209,21.6120662689209,2500,0.0,0.0,0.0
2015-08-07 00:00:00-04:00,21.52080334568393,21.52080334568393,21.34657859802246,21.34657859802246,2400,0.0,0.0,0.0
2015-08-10 00:00:00-04:00,21.462729460854973,21.6120629278293,21.255320021691897,21.52910041809082,107700,0.0,0.0,0.0
2015-08-11 00:00:00-04:00,21.437837311074528,21.437837311074528,21.1225741133894,21.213834762573242,23000,0.0,0.0,0.0
2015-08-12 00:00:00-04:00,21.155766239570884,21.26361846923828,21.047914009903486,21.26361846923828,7400,0.0,0.0,0.0
2015-08-13 00:00:00-04:00,21.197247031744762,21.371471808005825,21.1640623396623,21.247026443481445,6000,0.0,0.0,0.0
2015-08-14 00:00:00-04:00,21.305097890989064,21.363172280897412,21.2138372311854,21.27191162109375,10200,0.0,0.0,0.0
2015-08-17 00:00:00-04:00,21.12257815402169,21.305099487304688,21.12257815402169,21.305099487304688,2800,0.0,0.0,0.0
2015-08-18 00:00:00-04:00,21.338285932997834,21.338285932997834,21.230433703699866,21.25532341003418,8400,0.0,0.0,0.0
2015-08-19 00:00:00-04:00,21.02301913284585,21.02301913284585,20.857090962343037,20.9234619140625,11900,0.0,0.0,0.0
2015-08-20 00:00:00-04:00,20.782424032138163,20.782424032138163,20.624794006347656,20.624794006347656,12400,0.0,0.0,0.0
2015-08-21 00:00:00-04:00,20.42568502120437,20.42568502120437,19.836641311645508,19.836641311645508,33200,0.0,0.0,0.0
2015-08-24 00:00:00-04:00,18.8576683094832,19.85323438138698,18.218846773051748,19.264190673828125,32200,0.0,0.0,0.0
2015-08-25 00:00:00-04:00,20.11871933098206,20.11871933098206,19.148042912335235,19.239303588867188,9500,0.0,0.0,0.0
2015-08-26 00:00:00-04:00,19.67071110001672,19.67071110001672,19.17292969551991,19.396930694580078,4300,0.0,0.0,0.0
2015-08-27 00:00:00-04:00,19.67900723711091,20.010863609391436,19.64582254932793,19.911306381225586,8000,0.0,0.0,0.0
2015-08-28 00:00:00-04:00,19.83664202595734,19.83664202595734,19.786864195123247,19.811752319335938,5900,0.0,0.0,0.0
2015-08-31 00:00:00-04:00,19.795155936564175,19.927897841355875,19.720488417317803,19.869823455810547,3600,0.0,0.0,0.0
2015-09-01 00:00:00-04:00,19.34715660342254,19.47989854788718,19.34715660342254,19.388639450073242,7800,0.0,0.0,0.0
2015-09-02 00:00:00-04:00,19.413525025997764,19.42182159423828,19.28078309896666,19.42182159423828,10400,0.0,0.0,0.0
2015-09-03 00:00:00-04:00,19.50478585208329,19.670712471010688,19.50478585208329,19.604341506958008,32500,0.0,0.0,0.0
2015-09-04 00:00:00-04:00,19.405230210518635,19.405230210518635,19.222710439967067,19.372045516967773,22300,0.0,0.0,0.0
2015-09-08 00:00:00-04:00,19.48818932069372,19.612634658813477,19.48818932069372,19.612634658813477,2600,0.0,0.0,0.0
2015-09-09 00:00:00-04:00,19.430119274627646,19.430119274627646,19.405229568481445,19.405229568481445,300,0.0,0.0,0.0
2015-09-10 00:00:00-04:00,19.446710984994017,19.496488811224875,19.421821280674305,19.455007553100586,6700,0.0,0.0,0.0
2015-09-11 00:00:00-04:00,19.41352757565486,19.41352757565486,19.31397190851078,19.388639450073242,9800,0.0,0.0,0.0
2015-09-14 00:00:00-04:00,19.3886369026098,19.3886369026098,19.289079666137695,19.289079666137695,5800,0.0,0.0,0.0
2015-09-15 00:00:00-04:00,19.214412686471764,19.34715461730957,19.214412686471764,19.34715461730957,1200,0.0,0.0,0.0
2015-09-16 00:00:00-04:00,19.479895122801008,19.529674530029297,19.479895122801008,19.529674530029297,800,0.0,0.0,0.0
2015-09-17 00:00:00-04:00,19.596047477570426,19.596047477570426,19.347155163417632,19.53797149658203,3000,0.0,0.0,0.0
2015-09-18 00:00:00-04:00,19.255890102452806,19.255890102452806,19.081666946411133,19.081666946411133,4100,0.0,0.0,0.0
2015-09-21 00:00:00-04:00,19.197815860929715,19.197815860929715,18.97381488468489,18.998703002929688,13200,0.0,0.0,0.0
2015-09-22 00:00:00-04:00,18.633662138370664,18.633662138370664,18.451142412510336,18.558996200561523,5600,0.0,0.0,0.0
2015-09-23 00:00:00-04:00,18.48432981885073,18.48432981885073,18.15247344970703,18.15247344970703,1900,0.0,0.0,0.0
2015-09-24 00:00:00-04:00,18.094401915458477,18.094401915458477,17.779140213908008,18.086105346679688,4100,0.0,0.0,0.0
2015-09-25 00:00:00-04:00,18.127588190573626,18.127588190573626,18.086105346679688,18.086105346679688,800,0.0,0.0,0.0
2015-09-28 00:00:00-04:00,17.787431855836886,17.787431855836886,17.7044677734375,17.7044677734375,3300,0.0,0.0,0.0
2015-09-29 00:00:00-04:00,17.770841199595065,17.84550872592009,17.67958053799593,17.762544631958008,33500,0.0,0.0,0.0
2015-09-30 00:00:00-04:00,17.98655009202985,18.069514199281176,17.93677226064255,17.961660385131836,8300,0.0,0.0,0.0
2015-10-01 00:00:00-04:00,18.094398553522172,18.094398553522172,17.870397567749023,17.870397567749023,1400,0.0,0.0,0.0
2015-10-02 00:00:00-04:00,17.945066452026367,17.945066452026367,17.945066452026367,17.945066452026367,500,0.0,0.0,0.0
2015-10-05 00:00:00-04:00,18.393076263145808,18.700043048442524,18.393076263145808,18.66685676574707,5000,0.0,0.0,0.0
2015-10-06 00:00:00-04:00,18.816184035168984,18.84936872163229,18.72492337818021,18.749813079833984,2600,0.0,0.0,0.0
2015-10-07 00:00:00-04:00,18.86596189065553,19.081667891491836,18.86596189065553,19.015296936035156,5100,0.0,0.0,0.0
2015-10-08 00:00:00-04:00,19.14803668265885,19.31396484375,19.123146983772713,19.31396484375,3000,0.0,0.0,0.0
2015-10-09 00:00:00-04:00,19.380335791704816,19.380335791704816,19.2724820122731,19.31396484375,3500,0.0,0.0,0.0
2015-10-12 00:00:00-04:00,19.197816284647075,19.206112851714565,19.123148763448025,19.139741897583008,4800,0.0,0.0,0.0
2015-10-13 00:00:00-04:00,18.907445981421727,19.023594765575847,18.907445981421727,18.915740966796875,1500,0.0,0.0,0.0
2015-10-14 00:00:00-04:00,18.965518175716685,19.148037898580576,18.965518175716685,19.081666946411133,2700,0.0,0.0,0.0
2015-10-15 00:00:00-04:00,19.17292776550152,19.17292776550152,19.03188929311595,19.131444931030273,2600,0.0,0.0,0.0
2015-10-16 00:00:00-04:00,19.22270709999803,19.22270709999803,19.08996518404119,19.123149871826172,2900,0.0,0.0,0.0
2015-10-19 00:00:00-04:00,18.99870269479273,19.031888961791992,18.99870269479273,19.031888961791992,900,0.0,0.0,0.0
2015-10-20 00:00:00-04:00,19.08166680469485,19.20611214128729,19.08166680469485,19.164630889892578,3600,0.0,0.0,0.0
2015-10-21 00:00:00-04:00,19.30567311752773,19.30567311752773,19.25589370727539,19.25589370727539,1200,0.0,0.0,0.0
2015-10-22 00:00:00-04:00,19.297376236503112,19.554563522338867,19.297376236503112,19.554563522338867,1600,0.0,0.0,0.0
2015-10-23 00:00:00-04:00,19.58775074789434,19.662418283285728,19.57945417924989,19.620935440063477,4100,0.0,0.0,0.0
2015-10-26 00:00:00-04:00,19.687305850222778,19.687305850222778,19.55456392048171,19.5628604888916,1800,0.0,0.0,0.0
2015-10-27 00:00:00-04:00,19.438416497511568,19.438416497511568,19.089968511781716,19.239303588867188,39200,0.0,0.0,0.0
2015-10-28 00:00:00-04:00,19.47159485613755,19.496484555023688,19.31396484375,19.31396484375,3100,0.0,0.0,0.0
2015-10-29 00:00:00-04:00,19.239301043852272,19.297375436723588,19.19781820436667,19.272485733032227,5200,0.0,0.0,0.0
2015-10-30 00:00:00-04:00,19.189524174899542,19.297377989420706,19.189524174899542,19.239303588867188,700,0.0,0.0,0.0
2015-11-02 00:00:00-05:00,19.28078159015925,19.297374725341797,19.28078159015925,19.297374725341797,1500,0.0,0.0,0.0
2015-11-03 00:00:00-05:00,19.322265941226025,19.579453227061784,19.322265941226025,19.554563522338867,700,0.0,0.0,0.0
2015-11-04 00:00:00-05:00,19.5960466810319,19.5960466810319,19.25589370727539,19.25589370727539,3100,0.0,0.0,0.0
2015-11-05 00:00:00-05:00,19.305675675448025,19.313972244922674,19.22271156311035,19.22271156311035,2700,0.0,0.0,0.0
2015-11-06 00:00:00-05:00,19.239299119984526,19.239299119984526,19.015296556387383,19.139741897583008,3500,0.0,0.0,0.0
2015-11-09 00:00:00-05:00,18.973814085697477,18.98210906982422,18.915738119952422,18.98210906982422,2400,0.0,0.0,0.0
2015-11-10 00:00:00-05:00,18.957223331664874,18.957223331664874,18.89914894104004,18.89914894104004,500,0.0,0.0,0.0
2015-11-11 00:00:00-05:00,19.048484089637594,19.048484089637594,18.915742161532066,18.940631866455078,400,0.0,0.0,0.0
2015-11-12 00:00:00-05:00,18.724924724860657,18.74151786048987,18.675146900381527,18.691740036010742,1000,0.0,0.0,0.0
2015-11-13 00:00:00-05:00,18.824484984001217,18.890855954784822,18.774705569106942,18.807891845703125,7500,0.0,0.0,0.0
2015-11-16 00:00:00-05:00,18.83278422418966,18.957229614257812,18.83278422418966,18.957229614257812,3100,0.0,0.0,0.0
2015-11-17 00:00:00-05:00,18.973817426760583,19.073373077894704,18.890853329209783,18.96552085876465,29600,0.0,0.0,0.0
2015-11-18 00:00:00-05:00,19.040185553300145,19.164630889892578,19.031888986539542,19.164630889892578,6000,0.0,0.0,0.0
2015-11-19 00:00:00-05:00,19.131447390689832,19.131447390689832,18.96552077869728,19.056779861450195,15600,0.0,0.0,0.0
2015-11-20 00:00:00-05:00,19.05677848589818,19.05677848589818,18.849369049072266,18.849369049072266,8700,0.0,0.0,0.0
2015-11-23 00:00:00-05:00,18.749814038828923,18.965520050302466,18.749814038828923,18.816184997558594,12600,0.0,0.0,0.0
2015-11-24 00:00:00-05:00,18.81618611085537,18.932334899902344,18.774703270189615,18.932334899902344,1400,0.0,0.0,0.0
2015-11-25 00:00:00-05:00,19.09826024586161,19.131444931030273,19.0401858600102,19.131444931030273,5200,0.0,0.0,0.0
2015-11-27 00:00:00-05:00,19.056784469318945,19.07337760925293,19.04019291179388,19.07337760925293,600,0.0,0.0,0.0
2015-11-30 00:00:00-05:00,19.164637159196626,19.264192828074776,19.056783338435004,19.22271156311035,163600,0.0,0.0,0.0
2015-12-01 00:00:00-05:00,19.30567200462071,19.363746397492026,19.24759761174939,19.272485733032227,8400,0.0,0.0,0.0
2015-12-02 00:00:00-05:00,19.21440901756443,19.255890269627344,19.10655681275586,19.131444931030273,27900,0.0,0.0,0.0
2015-12-03 00:00:00-05:00,19.081671076718283,19.081671076718283,19.048484802246094,19.048484802246094,1300,0.0,0.0,0.0
2015-12-04 00:00:00-05:00,19.16463430735401,19.289079666137695,19.081670207362023,19.289079666137695,5600,0.0,0.0,0.0
2015-12-07 00:00:00-05:00,18.99870269479273,19.048480512883316,18.8078864067719,19.031888961791992,9100,0.0,0.0,0.0
2015-12-08 00:00:00-05:00,18.91574312407932,18.91574312407932,18.741519927978516,18.741519927978516,2300,0.0,0.0,0.0
2015-12-09 00:00:00-05:00,18.724923703458398,18.998704096772272,18.724923703458398,18.849369049072266,24400,0.0,0.0,0.0
2015-12-10 00:00:00-05:00,18.907447418513026,18.99870650625249,18.766408920288086,18.766408920288086,9000,0.0,0.0,0.0
2015-12-11 00:00:00-05:00,18.583887900208154,18.70003827760035,18.46773910522461,18.46773910522461,24200,0.0,0.0,0.0
2015-12-14 00:00:00-05:00,18.35159197701565,18.376480102539062,18.13588592216292,18.376480102539062,15600,0.0,0.0,0.0
2015-12-15 00:00:00-05:00,18.53410640898213,18.53410640898213,18.45943888913006,18.517513275146484,10300,0.0,0.0,0.0
2015-12-16 00:00:00-05:00,18.534106401141724,18.90744400024414,18.401364495329386,18.90744400024414,7300,0.0,0.0,0.0
2015-12-17 00:00:00-05:00,18.824484607726614,18.86596587023393,18.42625720857623,18.53411102294922,6900,0.0,0.0,0.0
2015-12-18 00:00:00-05:00,18.426253163893655,18.567291640831886,18.351587224251897,18.442846298217773,10600,0.0,0.0,0.0
2015-12-21 00:00:00-05:00,18.457935507607306,18.592052982782857,18.273522780136112,18.39087677001953,18300,0.228,0.0,0.0
2015-12-22 00:00:00-05:00,18.424407161658305,18.793231054272447,18.424407161658305,18.61720085144043,85800,0.0,0.0,0.0
2015-12-23 00:00:00-05:00,18.944115019681014,19.12852618012752,18.92734993269314,19.11176109313965,37600,0.0,0.0,0.0
2015-12-24 00:00:00-05:00,18.843524717563124,19.19558352451077,18.835142174682638,19.128524780273438,3500,0.0,0.0,0.0
2015-12-28 00:00:00-05:00,18.885438986214467,19.044702517631222,18.809997692887915,18.960880279541016,5400,0.0,0.0,0.0
2015-12-29 00:00:00-05:00,18.93573264882993,19.128526354528134,18.885438986214467,18.960880279541016,12000,0.0,0.0,0.0
2015-12-30 00:00:00-05:00,19.01955802272259,19.027940566970358,18.801616668701172,18.801616668701172,4000,0.0,0.0,0.0
2015-12-31 00:00:00-05:00,18.726168025748812,18.851902942544267,18.667491837831346,18.80999183654785,8700,0.0,0.0,0.0
2016-01-04 00:00:00-05:00,18.44117042350876,18.491464076997985,18.265141836893257,18.39087677001953,5100,0.0,0.0,0.0
2016-01-05 00:00:00-05:00,18.374113157679513,18.499848100877102,18.374113157679513,18.449554443359375,2200,0.0,0.0,0.0
2016-01-06 00:00:00-05:00,18.214849519848467,18.214849519848467,17.98014469987271,17.99690818786621,35200,0.0,0.0,0.0
2016-01-07 00:00:00-05:00,17.69514757044175,17.837647634394028,17.602941176470587,17.8125,10900,0.0,0.0,0.0
2016-01-08 00:00:00-05:00,17.812494550432476,17.812494550432476,17.602935791015625,17.602935791015625,1700,0.0,0.0,0.0
2016-01-11 00:00:00-05:00,17.586170466146925,17.586170466146925,17.31793551356914,17.376611709594727,6800,0.0,0.0,0.0
2016-01-12 00:00:00-05:00,17.552645115452417,17.71190864849875,17.34308632046929,17.502349853515625,35000,0.0,0.0,0.0
2016-01-13 00:00:00-05:00,17.418526586830733,17.602937739964737,17.38499641418457,17.38499641418457,2300,0.0,0.0,0.0
2016-01-14 00:00:00-05:00,17.35146491185991,17.56940460205078,17.35146491185991,17.56940460205078,4500,0.0,0.0,0.0
2016-01-15 00:00:00-05:00,17.11676139897287,17.225731262273307,17.02455502316022,17.09161376953125,16300,0.0,0.0,0.0
2016-01-19 00:00:00-05:00,17.217348017720642,17.242494044996164,17.116759112199315,17.14190673828125,2500,0.0,0.0,0.0
2016-01-20 00:00:00-05:00,16.764706861140166,16.815000534057617,16.42941304367877,16.815000534057617,8600,0.0,0.0,0.0
2016-01-21 00:00:00-05:00,16.82337914742745,17.04132047754242,16.814996604099182,16.957496643066406,6400,0.0,0.0,0.0
2016-01-22 00:00:00-05:00,17.30955298606908,17.351465696698774,17.15867042541504,17.15867042541504,3900,0.0,0.0,0.0
2016-01-25 00:00:00-05:00,16.96587904642899,17.024555250436133,16.80661392211914,16.80661392211914,32000,0.0,0.0,0.0
2016-01-26 00:00:00-05:00,16.814995973234065,16.999408721923828,16.814995973234065,16.999408721923828,1700,0.0,0.0,0.0
2016-01-27 00:00:00-05:00,17.150292394209153,17.167057482870636,17.108381271362305,17.108381271362305,1900,0.0,0.0,0.0
2016-01-28 00:00:00-05:00,17.09999979167085,17.21735382080078,17.09999979167085,17.21735382080078,2200,0.0,0.0,0.0
2016-01-29 00:00:00-05:00,17.401758698323075,17.636465072631836,17.401758698323075,17.636465072631836,3700,0.0,0.0,0.0
2016-02-01 00:00:00-05:00,17.628084182739258,17.628084182739258,17.602936554947558,17.628084182739258,1700,0.0,0.0,0.0
2016-02-02 00:00:00-05:00,17.527496047652487,17.527496047652487,17.225730895996094,17.225730895996094,24400,0.0,0.0,0.0
2016-02-03 00:00:00-05:00,17.351465225219727,17.351465225219727,17.351465225219727,17.351465225219727,800,0.0,0.0,0.0
2016-02-04 00:00:00-05:00,17.887939199695516,17.887939199695516,17.87955665588379,17.87955665588379,500,0.0,0.0,0.0
2016-02-05 00:00:00-05:00,17.954998016357422,17.954998016357422,17.954998016357422,17.954998016357422,300,0.0,0.0,0.0
2016-02-08 00:00:00-05:00,17.644848231626426,17.644848231626426,17.43528945643463,17.510730743408203,1000,0.0,0.0,0.0
2016-02-09 00:00:00-05:00,17.359845824508614,17.48558235168457,17.359845824508614,17.48558235168457,1900,0.0,0.0,0.0
2016-02-10 00:00:00-05:00,17.54426507601876,17.54426507601876,17.20058873109551,17.21735382080078,2800,0.0,0.0,0.0
2016-02-11 00:00:00-05:00,17.058082240997283,17.058082240997283,16.94072825607073,16.974258422851562,1100,0.0,0.0,0.0
2016-02-12 00:00:00-05:00,16.98264447859401,17.183820724487305,16.98264447859401,17.183820724487305,2000,0.0,0.0,0.0
2016-02-16 00:00:00-05:00,17.351467152256472,17.493967182738434,17.25087823711356,17.43528938293457,3500,0.0,0.0,0.0
2016-02-17 00:00:00-05:00,17.58617608687457,17.862793669981116,17.58617608687457,17.8125,5600,0.0,0.0,0.0
2016-02-18 00:00:00-05:00,17.81249531856914,17.93823025988009,17.7454365766162,17.929847717285156,30300,0.0,0.0,0.0
2016-02-19 00:00:00-05:00,17.552644221590345,17.59455533892997,17.535879135131836,17.535879135131836,3100,0.0,0.0,0.0
2016-02-22 00:00:00-05:00,17.79572868347168,17.8124937672014,17.720287405494314,17.79572868347168,14600,0.0,0.0,0.0
2016-02-23 00:00:00-05:00,17.762201589870685,17.762201589870685,17.552642822265625,17.552642822265625,1000,0.0,0.0,0.0
2016-02-24 00:00:00-05:00,17.393376074328874,17.59455228044025,17.29278717187,17.561023712158203,13700,0.0,0.0,0.0
2016-02-25 00:00:00-05:00,17.57779354207656,17.82088254479801,17.57779354207656,17.8125,2800,0.0,0.0,0.0
2016-02-26 00:00:00-05:00,17.963381511758403,17.988527545809866,17.913087844848633,17.913087844848633,2300,0.0,0.0,0.0
2016-02-29 00:00:00-05:00,17.904704352111814,17.980145647883607,17.904704352111814,17.954998016357422,1500,0.0,0.0,0.0
2016-03-01 00:00:00-05:00,18.047197822869254,18.290285110473633,18.047197822869254,18.290285110473633,7100,0.0,0.0,0.0
2016-03-02 00:00:00-05:00,18.189702224399948,18.206465711228503,18.089113309395785,18.164554595947266,2000,0.0,0.0,0.0
2016-03-03 00:00:00-05:00,18.44117042350876,18.457935507607306,18.39087677001953,18.39087677001953,1600,0.0,0.0,0.0
2016-03-04 00:00:00-05:00,18.575288341636508,18.675877249820054,18.558523257138173,18.63396453857422,4200,0.0,0.0,0.0
2016-03-07 00:00:00-05:00,18.617199863274035,18.826758627689852,18.617199863274035,18.793230056762695,4300,0.0,0.0,0.0
2016-03-08 00:00:00-05:00,18.784852615248283,18.784852615248283,18.53338266918668,18.625587463378906,4400,0.0,0.0,0.0
2016-03-09 00:00:00-05:00,18.617199024868633,18.71778793073317,18.617199024868633,18.69264030456543,4100,0.0,0.0,0.0
2016-03-10 00:00:00-05:00,18.675878632245276,18.70102466204768,18.45793731405386,18.53337860107422,4600,0.0,0.0,0.0
2016-03-11 00:00:00-05:00,18.776463778433044,18.826757431030273,18.776463778433044,18.826757431030273,500,0.0,0.0,0.0
2016-03-14 00:00:00-04:00,18.826757431030273,18.826757431030273,18.826757431030273,18.826757431030273,600,0.0,0.0,0.0
2016-03-15 00:00:00-04:00,18.533379815466002,18.58367347717285,18.533379815466002,18.58367347717285,500,0.0,0.0,0.0
2016-03-16 00:00:00-04:00,18.499846290938684,18.877052682433895,18.499846290938684,18.826757431030273,7700,0.0,0.0,0.0
2016-03-17 00:00:00-04:00,19.03631980050092,19.11176109313965,19.011173768825806,19.11176109313965,5900,0.0,0.0,0.0
2016-03-18 00:00:00-04:00,19.153672408914904,19.153672408914904,19.11175969451246,19.128524780273438,1500,0.0,0.0,0.0
2016-03-21 00:00:00-04:00,19.187202385778377,19.187202385778377,19.11176109313965,19.11176109313965,2900,0.0,0.0,0.0
2016-03-22 00:00:00-04:00,18.969261423016633,18.977643966674805,18.969261423016633,18.977643966674805,500,0.0,0.0,0.0
2016-03-23 00:00:00-04:00,18.85190702077545,18.85190702077545,18.76808319184281,18.818378448486328,3600,0.0,0.0,0.0
2016-03-24 00:00:00-04:00,18.60881945241223,18.60881945241223,18.583671824392027,18.59205436706543,1900,0.0,0.0,0.0
2016-03-28 00:00:00-04:00,18.44117119235598,18.73455378108658,18.44117119235598,18.717788696289062,3600,0.0,0.0,0.0
2016-03-29 00:00:00-04:00,18.558524438786606,18.90220069885254,18.558524438786606,18.90220069885254,2300,0.0,0.0,0.0
2016-03-30 00:00:00-04:00,19.11175839613137,19.11175839613137,18.986023459079153,19.002788543701172,2100,0.0,0.0,0.0
2016-03-31 00:00:00-04:00,18.69263992933819,18.742935180664062,18.69263992933819,18.742935180664062,1900,0.0,0.0,0.0
2016-04-01 00:00:00-04:00,18.47470745516912,18.65911865234375,18.36573596685142,18.65911865234375,47700,0.0,0.0,0.0
2016-04-04 00:00:00-04:00,18.499846444296008,18.5082289862661,18.457935333251953,18.457935333251953,1100,0.0,0.0,0.0
2016-04-05 00:00:00-04:00,18.332204057928276,18.357350090047877,18.11426271965364,18.307056427001953,10600,0.0,0.0,0.0
2016-04-06 00:00:00-04:00,18.290290013967365,18.416024961871784,18.189702695166474,18.399261474609375,25500,0.0,0.0,0.0
2016-04-07 00:00:00-04:00,18.31543629760457,18.323818840023293,18.281906127929688,18.281906127929688,2300,0.0,0.0,0.0
2016-04-08 00:00:00-04:00,18.55852488547815,18.583672514432124,18.54176139831543,18.54176139831543,4400,0.0,0.0,0.0
2016-04-11 00:00:00-04:00,18.457936399046204,18.54176022478086,18.35734748840332,18.35734748840332,2400,0.0,0.0,0.0
2016-04-12 00:00:00-04:00,18.44117419127132,18.650732988899403,18.44117419127132,18.608821868896484,1200,0.0,0.0,0.0
2016-04-13 00:00:00-04:00,18.742938372471162,18.86867332458496,18.742938372471162,18.86867332458496,3200,0.0,0.0,0.0
2016-04-14 00:00:00-04:00,18.96926275723599,18.96926275723599,18.742940457773646,18.801616668701172,2400,0.0,0.0,0.0
2016-04-15 00:00:00-04:00,18.709406991231926,18.818378448486328,18.709406991231926,18.818378448486328,1300,0.0,0.0,0.0
2016-04-18 00:00:00-04:00,18.86028852202693,19.002788543701172,18.84352343740491,19.002788543701172,3200,0.0,0.0,0.0
2016-04-19 00:00:00-04:00,19.086608997520692,19.37999153137207,19.086608997520692,19.37999153137207,3500,0.0,0.0,0.0
2016-04-20 00:00:00-04:00,19.530874927649883,19.698522567749023,19.530874927649883,19.698522567749023,4900,0.0,0.0,0.0
2016-04-21 00:00:00-04:00,19.7236757392305,19.7236757392305,19.472204208374023,19.472204208374023,5000,0.0,0.0,0.0
2016-04-22 00:00:00-04:00,19.564408748400712,19.623084953749945,19.497349999600637,19.547643661499023,10600,0.0,0.0,0.0
2016-04-25 00:00:00-04:00,19.581172615882014,19.581172615882014,19.413524954918767,19.49734878540039,2900,0.0,0.0,0.0
2016-04-26 00:00:00-04:00,19.61469980757748,19.61469980757748,19.488964870112245,19.59793472290039,2400,0.0,0.0,0.0
2016-04-27 00:00:00-04:00,19.698526636070664,19.7069091796875,19.58955676666523,19.7069091796875,5500,0.0,0.0,0.0
2016-04-28 00:00:00-04:00,19.606318863322766,19.72367286682129,19.606318863322766,19.72367286682129,800,0.0,0.0,0.0
2016-04-29 00:00:00-04:00,19.64823239821761,19.64823239821761,19.405143436862932,19.614702224731445,18600,0.0,0.0,0.0
2016-05-02 00:00:00-04:00,19.773964869504972,19.773964869504972,19.488964825867342,19.732053756713867,22300,0.0,0.0,0.0
2016-05-03 00:00:00-04:00,19.949993608025466,19.949993608025466,19.430288770857945,19.455434799194336,35100,0.0,0.0,0.0
2016-05-04 00:00:00-04:00,19.455438797740324,19.455438797740324,19.212351413958356,19.30455780029297,2500,0.0,0.0,0.0
2016-05-05 00:00:00-04:00,19.2458757770117,19.279405946084164,19.145288467407227,19.145288467407227,2800,0.0,0.0,0.0
2016-05-06 00:00:00-04:00,19.061465074043696,19.187200013292294,19.05308253158626,19.086612701416016,1900,0.0,0.0,0.0
2016-05-09 00:00:00-04:00,19.061464741071777,19.162053649997432,19.002788543701172,19.002788543701172,1400,0.0,0.0,0.0
2016-05-10 00:00:00-04:00,19.08661399024937,19.245877511275577,18.98602507277427,19.21234893798828,2900,0.0,0.0,0.0
2016-05-11 00:00:00-04:00,19.22911675420464,19.31294059753418,19.220734209991004,19.31294059753418,1300,0.0,0.0,0.0
2016-05-12 00:00:00-04:00,19.564408424723474,19.69852592010476,19.41352584271786,19.46381950378418,1900,0.0,0.0,0.0
2016-05-13 00:00:00-04:00,19.32131619383377,19.32131619383377,19.229111430624318,19.26263999938965,7600,0.0,0.0,0.0
2016-05-16 00:00:00-04:00,19.287790821538326,19.447055946285435,19.287790821538326,19.388378143310547,2900,0.0,0.0,0.0
2016-05-17 00:00:00-04:00,19.312938252612426,19.572790696457307,19.312938252612426,19.371614456176758,3600,0.0,0.0,0.0
2016-05-18 00:00:00-04:00,19.304553572888512,19.304553572888512,19.145288467407227,19.145288467407227,3000,0.0,0.0,0.0
2016-05-19 00:00:00-04:00,19.271027876465993,19.38838029784325,19.162057999302377,19.31294059753418,16900,0.0,0.0,0.0
2016-05-20 00:00:00-04:00,19.363226449710577,19.438667718381108,19.363226449710577,19.37999153137207,2300,0.0,0.0,0.0
2016-05-23 00:00:00-04:00,19.522495039466428,19.61469980757748,19.522495039466428,19.59793472290039,5100,0.0,0.0,0.0
2016-05-24 00:00:00-04:00,19.57279029004219,19.874553844793788,19.51411408769623,19.72367286682129,3800,0.0,0.0,0.0
2016-05-25 00:00:00-04:00,19.975145086721867,20.02543875189862,19.899703789553342,19.96676254272461,4500,0.0,0.0,0.0
2016-05-26 00:00:00-04:00,20.100879349724018,20.117644437135247,19.975144391753272,20.01705551147461,7700,0.0,0.0,0.0
2016-05-27 00:00:00-04:00,20.017054040956786,20.017054040956786,19.866173061760136,19.958377838134766,900,0.0,0.0,0.0
2016-05-31 00:00:00-04:00,20.017056207901362,20.017056207901362,19.916468877547857,19.96676254272461,1900,0.0,0.0,0.0
2016-06-01 00:00:00-04:00,20.000291247766366,20.008673791147118,19.79073245966758,19.908084869384766,5300,0.0,0.0,0.0
2016-06-02 00:00:00-04:00,19.983525792074282,20.11764328607693,19.958378162396293,20.04220199584961,8200,0.0,0.0,0.0
2016-06-03 00:00:00-04:00,20.25175666809082,20.3188154014763,20.25175666809082,20.25175666809082,700,0.0,0.0,0.0
2016-06-06 00:00:00-04:00,20.486463205327443,20.620580673217773,20.419404471382276,20.620580673217773,10500,0.0,0.0,0.0
2016-06-07 00:00:00-04:00,20.67925885623829,20.72116996943618,20.620582658238654,20.69602394104004,9500,0.0,0.0,0.0
2016-06-08 00:00:00-04:00,20.83852058650149,20.83852058650149,20.603814233740284,20.721166610717773,6700,0.0,0.0,0.0
2016-06-09 00:00:00-04:00,20.35234187439909,20.553518038049738,20.318811714387635,20.545135498046875,6900,0.0,0.0,0.0
2016-06-10 00:00:00-04:00,20.813376772732607,20.955876798917505,20.201465553917778,20.637348175048828,5400,0.0,0.0,0.0
2016-06-13 00:00:00-04:00,20.159551171282594,20.302051185664656,19.91646385192871,19.91646385192871,9600,0.0,0.0,0.0
2016-06-14 00:00:00-04:00,20.721171332939956,21.165436516581142,19.740436190793638,19.874553680419922,14600,0.0,0.0,0.0
2016-06-15 00:00:00-04:00,19.941615042907774,20.000291247766366,19.908084869384766,19.908084869384766,10800,0.0,0.0,0.0
2016-06-16 00:00:00-04:00,19.690140017532542,19.91646385192871,19.55602254503253,19.91646385192871,9000,0.0,0.0,0.0
2016-06-17 00:00:00-04:00,19.93323256820727,19.9835262298584,19.84102618950797,19.9835262298584,2400,0.0,0.0,0.0
2016-06-20 00:00:00-04:00,20.27690463566296,20.27690463566296,20.117639541625977,20.117639541625977,3500,0.0,0.0,0.0
2016-06-21 00:00:00-04:00,20.025434318924315,20.134405767959162,20.025434318924315,20.092493057250977,3500,0.0,0.0,0.0
2016-06-22 00:00:00-04:00,20.12136166660819,20.138340487399546,19.90911102294922,19.90911102294922,5600,0.304,0.0,0.0
2016-06-23 00:00:00-04:00,20.367570404465894,20.393041063209726,20.27417960841566,20.32512092590332,10600,0.0,0.0,0.0
2016-06-24 00:00:00-04:00,19.696862491516725,19.832702788478024,19.450650941184332,19.679882049560547,12800,0.0,0.0,0.0
2016-06-27 00:00:00-04:00,19.111049329894694,19.178969475287342,18.78842742477161,18.81389808654785,15200,0.0,0.0,0.0
2016-06-28 00:00:00-04:00,19.17047630293199,19.22141599929707,19.06859529085809,19.178966522216797,4000,0.0,0.0,0.0
2016-06-29 00:00:00-04:00,19.51007857076398,19.51007857076398,19.408199169714536,19.459138870239258,2400,0.0,0.0,0.0
2016-06-30 00:00:00-04:00,19.6119619769924,19.705351169424727,19.527061386226944,19.603471755981445,1700,0.0,0.0,0.0
2016-07-01 00:00:00-04:00,19.773271703482358,19.773271703482358,19.577999871105305,19.620450973510742,34700,0.0,0.0,0.0
2016-07-05 00:00:00-04:00,19.416687666406375,19.416687666406375,19.22990608215332,19.22990608215332,3500,0.0,0.0,0.0
2016-07-06 00:00:00-04:00,19.102556713753582,19.280846465796927,19.034636576878434,19.24688720703125,40000,0.0,0.0,0.0
2016-07-07 00:00:00-04:00,19.2893381261356,19.331789226943314,19.17896850272338,19.204439163208008,6500,0.0,0.0,0.0
2016-07-08 00:00:00-04:00,19.365744143798743,19.510074615478516,19.34876532662855,19.510074615478516,5400,0.0,0.0,0.0
2016-07-11 00:00:00-04:00,19.671387939820086,19.671387939820086,19.603467804766314,19.654407501220703,4800,0.0,0.0,0.0
2016-07-12 00:00:00-04:00,19.764783029074735,19.841193400037643,19.74780258678429,19.798742294311523,1500,0.0,0.0,0.0
2016-07-13 00:00:00-04:00,19.798741536614617,19.93458183105138,19.798741536614617,19.858171463012695,4200,0.0,0.0,0.0
2016-07-14 00:00:00-04:00,20.053443151444213,20.189283444853054,20.053443151444213,20.112873077392578,10300,0.0,0.0,0.0
2016-07-15 00:00:00-04:00,20.129854353736718,20.13834457552788,20.04495537451357,20.078914642333984,4400,0.0,0.0,0.0
2016-07-18 00:00:00-04:00,19.9940062623144,20.206256866455078,19.9940062623144,20.206256866455078,12500,0.0,0.0,0.0
2016-07-19 00:00:00-04:00,20.180792394078615,20.180792394078615,20.070421148133388,20.146831512451172,2800,0.0,0.0,0.0
2016-07-20 00:00:00-04:00,20.2062608960545,20.2062608960545,20.1807918548584,20.1807918548584,500,0.0,0.0,0.0
2016-07-21 00:00:00-04:00,20.197771601630187,20.197771601630187,20.06192970275879,20.06192970275879,1900,0.0,0.0,0.0
2016-07-22 00:00:00-04:00,20.036461487938446,20.053441928414948,20.002500606985443,20.027971267700195,3300,0.0,0.0,0.0
2016-07-25 00:00:00-04:00,20.01099295769309,20.01099295769309,19.900623321533203,19.900623321533203,900,0.0,0.0,0.0
2016-07-26 00:00:00-04:00,20.070419922647243,20.11287102208951,20.036460662437293,20.06192970275879,5900,0.0,0.0,0.0
2016-07-27 00:00:00-04:00,20.06193175536959,20.155322564353877,20.002501829413777,20.0109920501709,5800,0.0,0.0,0.0
2016-07-28 00:00:00-04:00,20.036459641989186,20.053440080901286,19.95155906677246,19.95155906677246,800,0.0,0.0,0.0
2016-07-29 00:00:00-04:00,20.01948227092802,20.01948227092802,19.98552300724357,20.0109920501709,3100,0.0,0.0,0.0
2016-08-01 00:00:00-04:00,20.053440835115627,20.053440835115627,19.88363967829592,19.89212989807129,4900,0.0,0.0,0.0
2016-08-02 00:00:00-04:00,19.87514945852055,19.985520696256515,19.86665923874518,19.89212989807129,6200,0.0,0.0,0.0
2016-08-03 00:00:00-04:00,19.7902480610338,19.94306877197784,19.7902480610338,19.926088333129883,4200,0.0,0.0,0.0
2016-08-04 00:00:00-04:00,19.892127913865533,19.892127913865533,19.730816992911684,19.866657257080078,3100,0.0,0.0,0.0
2016-08-05 00:00:00-04:00,19.985521785852875,20.070420749547516,19.977031565614624,20.027971267700195,1800,0.0,0.0,0.0
2016-08-08 00:00:00-04:00,20.08739975078331,20.155319888478974,20.070419311523438,20.070419311523438,41300,0.0,0.0,0.0
2016-08-09 00:00:00-04:00,20.214752413802614,20.26569373815254,20.18928337097168,20.18928337097168,6300,0.0,0.0,0.0
2016-08-10 00:00:00-04:00,20.325117160358428,20.325117160358428,20.18927691091214,20.248706817626953,9400,0.0,0.0,0.0
2016-08-11 00:00:00-04:00,20.223241126797884,20.308141708374023,20.223241126797884,20.308141708374023,2100,0.0,0.0,0.0
2016-08-12 00:00:00-04:00,20.30814329674978,20.30814329674978,20.112873077392578,20.112873077392578,10900,0.0,0.0,0.0
2016-08-15 00:00:00-04:00,20.12136172438164,20.308141708374023,20.12136172438164,20.308141708374023,8800,0.0,0.0,0.0
2016-08-16 00:00:00-04:00,20.40153319526278,20.40153319526278,20.172302103111253,20.223241806030273,18900,0.0,0.0,0.0
2016-08-17 00:00:00-04:00,20.28267433731735,20.732646359101633,20.061933437159635,20.138343811035156,11000,0.0,0.0,0.0
2016-08-18 00:00:00-04:00,20.155324253972868,20.172304696910576,20.104384544503908,20.138343811035156,1300,0.0,0.0,0.0
2016-08-19 00:00:00-04:00,20.163812491770425,20.35059248767772,20.044952641587965,20.316633224487305,8000,0.0,0.0,0.0
2016-08-22 00:00:00-04:00,20.443979592838406,20.588310078783003,20.257199630757512,20.265689849853516,165200,0.0,0.0,0.0
2016-08-23 00:00:00-04:00,20.63076095303475,20.741132189418746,20.571331034678973,20.6732120513916,16400,0.0,0.0,0.0
2016-08-24 00:00:00-04:00,20.520392149095752,20.545862809119118,20.520392149095752,20.537372589111328,2100,0.0,0.0,0.0
2016-08-25 00:00:00-04:00,20.52888359169081,20.52888359169081,20.38455308165066,20.41851234436035,700,0.0,0.0,0.0
2016-08-26 00:00:00-04:00,20.52039366166181,20.52039366166181,20.316633224487305,20.316633224487305,500,0.0,0.0,0.0
2016-08-29 00:00:00-04:00,20.333613665754516,20.452473515936973,20.3081430038537,20.316633224487305,8000,0.0,0.0,0.0
2016-08-30 00:00:00-04:00,20.342097385074005,20.622269740711427,20.342097385074005,20.55434799194336,2900,0.0,0.0,0.0
2016-08-31 00:00:00-04:00,20.596801147131078,20.622271805469293,20.460960874681483,20.60529136657715,6600,0.0,0.0,0.0
2016-09-01 00:00:00-04:00,20.656231816005924,20.656231816005924,20.503411099099964,20.545862197875977,900,0.0,0.0,0.0
2016-09-02 00:00:00-04:00,20.724154818436798,20.73264503936521,20.596804743198785,20.63076400756836,5900,0.0,0.0,0.0
2016-09-06 00:00:00-04:00,20.749624792498516,20.800564497034113,20.605294280194315,20.71566390991211,53900,0.0,0.0,0.0
2016-09-07 00:00:00-04:00,20.715661862997756,20.7666015625,20.60529224418558,20.7666015625,12100,0.0,0.0,0.0
2016-09-08 00:00:00-04:00,20.715661316853243,20.78358145418022,20.673211838277812,20.698680877685547,10200,0.0,0.0,0.0
2016-09-09 00:00:00-04:00,20.47794472316507,20.47794472316507,20.282672882080078,20.282672882080078,1600,0.0,0.0,0.0
2016-09-12 00:00:00-04:00,20.223238543431613,20.333609771184676,20.12984775369344,20.29115867614746,3400,0.0,0.0,0.0
2016-09-13 00:00:00-04:00,20.180790057817877,20.189280277241853,19.917598113705907,19.926088333129883,3400,0.0,0.0,0.0
2016-09-14 00:00:00-04:00,20.129847373461512,20.129847373461512,19.994007110595703,19.994007110595703,1500,0.0,0.0,0.0
2016-09-15 00:00:00-04:00,20.019481047461944,20.17230177306259,19.892130982576052,20.027971267700195,3300,0.0,0.0,0.0
2016-09-16 00:00:00-04:00,19.89212989807129,19.89212989807129,19.89212989807129,19.89212989807129,400,0.0,0.0,0.0
2016-09-19 00:00:00-04:00,19.968543471326388,19.99401251540877,19.900623321533203,19.900623321533203,1600,0.0,0.0,0.0
2016-09-20 00:00:00-04:00,19.96004806536501,20.053438854325506,19.96004806536501,19.968538284301758,1100,0.0,0.0,0.0
2016-09-21 00:00:00-04:00,20.070421756313543,20.28267241488486,20.070421756313543,20.240222930908203,11700,0.0,0.0,0.0
2016-09-22 00:00:00-04:00,20.359080582927156,20.393041461916237,20.342100143432617,20.342100143432617,8200,0.0,0.0,0.0
2016-09-23 00:00:00-04:00,20.3505916595459,20.3505916595459,20.3505916595459,20.3505916595459,200,0.0,0.0,0.0
2016-09-26 00:00:00-04:00,20.129849916656102,20.146830356495546,20.087400436401367,20.087400436401367,1200,0.0,0.0,0.0
2016-09-27 00:00:00-04:00,20.053442001342773,20.12136214415185,19.994010459458888,20.053442001342773,4300,0.0,0.0,0.0
2016-09-28 00:00:00-04:00,20.112873322918237,20.308143544659178,20.112873322918237,20.282672882080078,4300,0.0,0.0,0.0
2016-09-29 00:00:00-04:00,20.214754952304098,20.291165329080314,20.078914642333984,20.078914642333984,2000,0.0,0.0,0.0
2016-09-30 00:00:00-04:00,20.29965332379948,20.29965332379948,20.282672882080078,20.282672882080078,700,0.0,0.0,0.0
2016-10-03 00:00:00-04:00,20.206261365275946,20.26569290791609,20.206261365275946,20.223241806030273,2200,0.0,0.0,0.0
2016-10-04 00:00:00-04:00,20.172303395041197,20.240223543064474,20.172303395041197,20.231733322143555,2900,0.0,0.0,0.0
2016-10-05 00:00:00-04:00,20.274178999384343,20.33361053466797,20.274178999384343,20.33361053466797,500,0.0,0.0,0.0
2016-10-06 00:00:00-04:00,20.376060423284127,20.452470779418945,20.35907998428888,20.452470779418945,800,0.0,0.0,0.0
2016-10-07 00:00:00-04:00,20.35907745361328,20.35907745361328,20.35907745361328,20.35907745361328,300,0.0,0.0,0.0
2016-10-10 00:00:00-04:00,20.443981170654297,20.443981170654297,20.443981170654297,20.443981170654297,600,0.0,0.0,0.0
2016-10-11 00:00:00-04:00,20.37606383911102,20.37606383911102,20.231733322143555,20.231733322143555,2000,0.0,0.0,0.0
2016-10-12 00:00:00-04:00,20.282669279800515,20.282669279800515,20.172299666914586,20.257200241088867,1500,0.0,0.0,0.0
2016-10-13 00:00:00-04:00,19.985523397266313,20.16381317861311,19.968542955420695,20.129852294921875,8200,0.0,0.0,0.0
2016-10-14 00:00:00-04:00,20.08740158894711,20.24871253798954,20.08740158894711,20.146831512451172,1000,0.0,0.0,0.0
2016-10-17 00:00:00-04:00,20.138339588540678,20.138339588540678,20.019479751586914,20.019479751586914,1200,0.0,0.0,0.0
2016-10-18 00:00:00-04:00,20.20626251368683,20.308143544659178,20.20626251368683,20.282672882080078,4200,0.0,0.0,0.0
2016-10-19 00:00:00-04:00,20.342101511914734,20.443982536392014,20.248712327099838,20.376062393188477,5900,0.0,0.0,0.0
2016-10-20 00:00:00-04:00,20.248712327099838,20.486432018640244,20.248712327099838,20.376062393188477,6300,0.0,0.0,0.0
2016-10-21 00:00:00-04:00,20.308139605038537,20.44397987375368,20.274178728187884,20.435489654541016,3400,0.0,0.0,0.0
2016-10-24 00:00:00-04:00,20.32512398637858,20.435493618866573,20.24871361798533,20.282672882080078,4600,0.0,0.0,0.0
2016-10-25 00:00:00-04:00,20.47793889246149,20.56283783819703,20.24021763410866,20.35907745361328,5900,0.0,0.0,0.0
2016-10-26 00:00:00-04:00,20.418510102609748,20.418510102609748,20.32512092590332,20.32512092590332,2100,0.0,0.0,0.0
2016-10-27 00:00:00-04:00,20.41850872257171,20.435489160586595,20.282668457140016,20.29115867614746,7800,0.0,0.0,0.0
2016-10-28 00:00:00-04:00,20.19777126576055,20.342100143432617,20.19777126576055,20.342100143432617,3700,0.0,0.0,0.0
2016-10-31 00:00:00-04:00,20.282672882080078,20.282672882080078,20.282672882080078,20.282672882080078,200,0.0,0.0,0.0
2016-11-01 00:00:00-04:00,20.214751517847894,20.520392973024734,20.214751517847894,20.401533126831055,16100,0.0,0.0,0.0
2016-11-02 00:00:00-04:00,20.367572245436314,20.55435223507552,20.265692839940005,20.401533126831055,7400,0.0,0.0,0.0
2016-11-03 00:00:00-04:00,20.37606062404717,20.384550843628446,20.308140486740765,20.32512092590332,6000,0.0,0.0,0.0
2016-11-04 00:00:00-04:00,20.316633912008665,20.35908339726919,20.189283836883032,20.231733322143555,19600,0.0,0.0,0.0
2016-11-07 00:00:00-05:00,20.45247322641403,20.460963446927448,20.4015335226775,20.41851234436035,3000,0.0,0.0,0.0
2016-11-08 00:00:00-05:00,20.486436756258815,20.596808026578586,20.435497041912015,20.562847137451172,1800,0.0,0.0,0.0
2016-11-09 00:00:00-05:00,20.376062861137243,20.5628428544005,20.30814271637388,20.41851234436035,3500,0.0,0.0,0.0
2016-11-10 00:00:00-05:00,20.49492346684521,20.49492346684521,20.42700331957246,20.46096420288086,1900,0.0,0.0,0.0
2016-11-11 00:00:00-05:00,20.257199192659456,20.257199192659456,20.036458358968474,20.04494857788086,2000,0.0,0.0,0.0
2016-11-14 00:00:00-05:00,20.29116147851064,20.29116147851064,20.112871712762267,20.1807918548584,2600,0.0,0.0,0.0
2016-11-15 00:00:00-05:00,20.22324363599327,20.376064377922745,20.22324363599327,20.299654006958008,4100,0.0,0.0,0.0
2016-11-16 00:00:00-05:00,20.29964754386097,20.443978018692405,20.29964754386097,20.35907745361328,2900,0.0,0.0,0.0
2016-11-17 00:00:00-05:00,20.299652783220093,20.35059248767772,20.299652783220093,20.316633224487305,1100,0.0,0.0,0.0
2016-11-18 00:00:00-05:00,20.469452448392914,20.537372589111328,20.30814150693272,20.537372589111328,2100,0.0,0.0,0.0
2016-11-21 00:00:00-05:00,20.51190178884408,20.656232289301883,20.503411568894343,20.58831214904785,19300,0.0,0.0,0.0
2016-11-22 00:00:00-05:00,20.80056478885266,20.80056478885266,20.579823906976205,20.613784790039062,5500,0.0,0.0,0.0
2016-11-23 00:00:00-05:00,20.57982057135105,20.732641281676294,20.56284013257185,20.656230926513672,1300,0.0,0.0,0.0
2016-11-25 00:00:00-05:00,20.749622890183243,20.893953389255294,20.749622890183243,20.817543029785156,9200,0.0,0.0,0.0
2016-11-28 00:00:00-05:00,20.85999256814415,20.85999256814415,20.639251708984375,20.639251708984375,1200,0.0,0.0,0.0
2016-11-29 00:00:00-05:00,20.67320943294386,20.67320943294386,20.55434799194336,20.55434799194336,1900,0.0,0.0,0.0
2016-11-30 00:00:00-05:00,20.809049684187105,20.91092906861473,20.613779514581136,20.83452033996582,2100,0.0,0.0,0.0
2016-12-01 00:00:00-05:00,21.07223892211914,21.07223892211914,20.910928015663842,21.07223892211914,16700,0.0,0.0,0.0
2016-12-02 00:00:00-05:00,20.936402524482276,20.995832443237305,20.936402524482276,20.995832443237305,1000,0.0,0.0,0.0
2016-12-05 00:00:00-05:00,21.04677120498818,21.216570720898762,21.04677120498818,21.1826114654541,3100,0.0,0.0,0.0
2016-12-06 00:00:00-05:00,21.225061851026712,21.445802688598633,21.055260708481015,21.445802688598633,8700,0.0,0.0,0.0
2016-12-07 00:00:00-05:00,21.2844929272863,21.615603392051558,21.2844929272863,21.607114791870117,24500,0.0,0.0,0.0
2016-12-08 00:00:00-05:00,21.52221643990544,21.74295731233991,21.47127673683409,21.70050621032715,3700,0.0,0.0,0.0
2016-12-09 00:00:00-05:00,21.649567116566644,21.79389762878418,21.649567116566644,21.79389762878418,1800,0.0,0.0,0.0
2016-12-12 00:00:00-05:00,21.66654402094829,21.802384290349416,21.58164344773665,21.590133666992188,25700,0.0,0.0,0.0
2016-12-13 00:00:00-05:00,21.70050649794712,21.70050649794712,21.56466620839377,21.5986270904541,10000,0.0,0.0,0.0
2016-12-14 00:00:00-05:00,21.471275115942785,21.49674415588379,21.242044040410676,21.49674415588379,4100,0.0,0.0,0.0
2016-12-15 00:00:00-05:00,21.19959321763866,21.394865036010742,21.19959321763866,21.394865036010742,1600,0.0,0.0,0.0
2016-12-16 00:00:00-05:00,21.309964851872206,21.41184425354004,21.267513751724028,21.41184425354004,1600,0.0,0.0,0.0
2016-12-19 00:00:00-05:00,21.35241782345535,21.386378709125953,21.309968335711254,21.318458557128906,6400,0.0,0.0,0.0
2016-12-20 00:00:00-05:00,21.2760040389098,21.335433959960938,21.2760040389098,21.335433959960938,800,0.0,0.0,0.0
2016-12-21 00:00:00-05:00,21.39455379348878,21.39455379348878,21.214624404907227,21.214624404907227,6600,0.229,0.0,0.0
2016-12-22 00:00:00-05:00,21.214625710995925,21.214625710995925,21.163217544555664,21.163217544555664,900,0.0,0.0,0.0
2016-12-23 00:00:00-05:00,21.163216241631932,21.214624404907227,21.137511342876262,21.214624404907227,3000,0.0,0.0,0.0
2016-12-27 00:00:00-05:00,21.368848312021484,21.40311987257077,21.360280013325195,21.377416610717773,2000,0.0,0.0,0.0
2016-12-28 00:00:00-05:00,21.385984302536936,21.385984302536936,21.326007843017578,21.326007843017578,1000,0.0,0.0,0.0
2016-12-29 00:00:00-05:00,21.403120970088057,21.420257568359375,21.35171280951006,21.420257568359375,2200,0.0,0.0,0.0
2016-12-30 00:00:00-05:00,21.33457626008068,21.385984420776367,21.257463201919172,21.385984420776367,41000,0.0,0.0,0.0
2017-01-03 00:00:00-05:00,21.420264273923976,21.617330313027324,21.368856097252774,21.403127670288086,5400,0.0,0.0,0.0
2017-01-04 00:00:00-05:00,21.703005765549484,21.737278963454422,21.625892704499403,21.720142364501953,6200,0.0,0.0,0.0
2017-01-05 00:00:00-05:00,21.60875908611907,21.882939804469196,21.60875908611907,21.762985229492188,3900,0.0,0.0,0.0
2017-01-06 00:00:00-05:00,21.63445861760549,21.7458432300383,21.557345565061297,21.728708267211914,4500,0.0,0.0,0.0
2017-01-09 00:00:00-05:00,21.643028377504475,21.857230952538085,21.643028377504475,21.703004837036133,2600,0.0,0.0,0.0
2017-01-10 00:00:00-05:00,21.762979949233102,21.788684844970703,21.737276687731356,21.788684844970703,1400,0.0,0.0,0.0
2017-01-11 00:00:00-05:00,21.771544699339287,21.93433907733906,21.771544699339287,21.908634185791016,1400,0.0,0.0,0.0
2017-01-12 00:00:00-05:00,22.054300637048435,22.054300637048435,21.754416654738684,21.89150619506836,2900,0.0,0.0,0.0
2017-01-13 00:00:00-05:00,21.968616809493763,21.968616809493763,21.934345245361328,21.934345245361328,600,0.0,0.0,0.0
2017-01-17 00:00:00-05:00,21.95148195917186,22.01145842239384,21.93434535989814,21.994321823120117,3000,0.0,0.0,0.0
2017-01-18 00:00:00-05:00,22.028595735398035,22.028595735398035,21.89150619506836,21.89150619506836,3800,0.0,0.0,0.0
2017-01-19 00:00:00-05:00,22.054296132346533,22.054296132346533,21.874366760253906,21.874366760253906,1900,0.0,0.0,0.0
2017-01-20 00:00:00-05:00,22.02002555727222,22.251363098286582,22.02002555727222,22.234228134155273,3400,0.0,0.0,0.0
2017-01-23 00:00:00-05:00,22.174250206088374,22.268499863578924,22.15711524182862,22.259931564331055,2500,0.0,0.0,0.0
2017-01-24 00:00:00-05:00,22.285637374256776,22.65406608581543,22.285637374256776,22.65406608581543,10100,0.0,0.0,0.0
2017-01-25 00:00:00-05:00,22.799723585005008,22.799723585005008,22.611224264999596,22.688337326049805,2900,0.0,0.0,0.0
2017-01-26 00:00:00-05:00,22.662636454431198,22.662636454431198,22.337047576904297,22.337047576904297,4800,0.0,0.0,0.0
2017-01-27 00:00:00-05:00,22.36274952106947,22.36274952106947,22.217091702327703,22.259931564331055,3000,0.0,0.0,0.0
2017-01-30 00:00:00-05:00,22.2685000523587,22.2685000523587,22.020025909008073,22.037160873413086,3800,0.0,0.0,0.0
2017-01-31 00:00:00-05:00,22.02859687033913,22.165688051968147,22.02859687033913,22.157119750976562,3700,0.0,0.0,0.0
2017-02-01 00:00:00-05:00,22.337045114398823,22.337045114398823,22.1399791300734,22.25136375427246,9600,0.0,0.0,0.0
2017-02-02 00:00:00-05:00,22.2256590254548,22.277067184448242,22.17424923222545,22.277067184448242,5500,0.0,0.0,0.0
2017-02-03 00:00:00-05:00,22.294204020878166,22.405588638929114,22.294204020878166,22.39702033996582,3400,0.0,0.0,0.0
2017-02-06 00:00:00-05:00,22.242794428686025,22.311340821013605,22.19138626867628,22.302772521972656,10800,0.0,0.0,0.0
2017-02-07 00:00:00-05:00,22.268501883524095,22.319910049438477,22.191388817534456,22.319910049438477,4400,0.0,0.0,0.0
2017-02-08 00:00:00-05:00,22.328476391851233,22.362749588946727,22.294204828991724,22.35418128967285,4000,0.0,0.0,0.0
2017-02-09 00:00:00-05:00,22.379886119565207,22.379886119565207,22.259931564331055,22.259931564331055,2200,0.0,0.0,0.0
2017-02-10 00:00:00-05:00,22.27707061965647,22.34561538696289,22.268502319463646,22.34561538696289,2100,0.0,0.0,0.0
2017-02-13 00:00:00-05:00,22.482701766317284,22.542678225013688,22.431293606611213,22.491270065307617,3200,0.0,0.0,0.0
2017-02-14 00:00:00-05:00,22.32847797232941,22.38845443725586,22.30277470692442,22.38845443725586,3900,0.0,0.0,0.0
2017-02-15 00:00:00-05:00,22.362752695787425,22.49127393427892,22.362752695787425,22.457000732421875,2700,0.0,0.0,0.0
2017-02-16 00:00:00-05:00,22.414157378358567,22.422725677490234,22.34561261954116,22.422725677490234,1300,0.0,0.0,0.0
2017-02-17 00:00:00-05:00,22.551246895993373,22.551246895993373,22.397020780095225,22.422725677490234,3100,0.0,0.0,0.0
2017-02-21 00:00:00-05:00,22.448429276169765,22.474132537841797,22.431292678897833,22.474132537841797,2500,0.0,0.0,0.0
2017-02-22 00:00:00-05:00,22.465564239205833,22.542677292693664,22.39701948435397,22.474132537841797,3300,0.0,0.0,0.0
2017-02-23 00:00:00-05:00,22.559815569537864,22.559815569537864,22.251363332622354,22.35418128967285,2400,0.0,0.0,0.0
2017-02-24 00:00:00-05:00,22.277067064230792,22.36274841824809,22.191385710213492,22.217090606689453,6700,0.0,0.0,0.0
2017-02-27 00:00:00-05:00,22.259931564331055,22.508407339811242,22.217091702327703,22.259931564331055,1900,0.0,0.0,0.0
2017-02-28 00:00:00-05:00,22.3370438814587,22.405588638929114,22.3370438814587,22.39702033996582,1100,0.0,0.0,0.0
2017-03-01 00:00:00-05:00,22.439862461819303,22.58552027979354,22.39702096580572,22.57695198059082,14900,0.0,0.0,0.0
2017-03-02 00:00:00-05:00,22.47413409301256,22.491270691470312,22.259931514998556,22.294204711914062,7400,0.0,0.0,0.0
2017-03-03 00:00:00-05:00,22.259931564331055,22.259931564331055,22.259931564331055,22.259931564331055,1000,0.0,0.0,0.0
2017-03-06 00:00:00-05:00,22.182819804730187,22.259932868242025,22.15711653971696,22.208524703979492,6300,0.0,0.0,0.0
2017-03-07 00:00:00-05:00,22.25136326508319,22.259931564331055,22.165683541076486,22.259931564331055,20500,0.0,0.0,0.0
2017-03-08 00:00:00-05:00,22.16568466250053,22.242796091160653,22.045730101197545,22.054298400878906,4100,0.0,0.0,0.0
2017-03-09 00:00:00-05:00,22.045728265493253,22.259930836982857,22.045728265493253,22.14854621887207,4600,0.0,0.0,0.0
2017-03-10 00:00:00-05:00,22.199957331122775,22.225662231445312,22.15711746482136,22.225662231445312,5100,0.0,0.0,0.0
2017-03-13 00:00:00-04:00,22.191387292454813,22.25136375427246,22.191387292454813,22.25136375427246,1900,0.0,0.0,0.0
2017-03-14 00:00:00-04:00,22.157116311518035,22.157116311518035,22.06286664947735,22.088571548461914,6700,0.0,0.0,0.0
2017-03-15 00:00:00-04:00,22.277067232425278,22.277067232425278,22.157114316436942,22.242794036865234,5700,0.0,0.0,0.0
2017-03-16 00:00:00-04:00,22.354178939919464,22.362747238292684,22.294202485542744,22.328474044799805,1800,0.0,0.0,0.0
2017-03-17 00:00:00-04:00,22.42272894647644,22.42272894647644,22.328479276523463,22.337047576904297,2900,0.0,0.0,0.0
2017-03-20 00:00:00-04:00,22.362744797654685,22.371313095092773,22.311336647261797,22.371313095092773,2200,0.0,0.0,0.0
2017-03-21 00:00:00-04:00,22.456996810536666,22.456996810536666,22.105704724032595,22.14854621887207,3400,0.0,0.0,0.0
2017-03-22 00:00:00-04:00,22.139979502788716,22.217092564777,22.002889977973112,22.182819366455078,37600,0.0,0.0,0.0
2017-03-23 00:00:00-04:00,22.36274858708948,22.36274858708948,22.234227372211134,22.242794036865234,2100,0.0,0.0,0.0
2017-03-24 00:00:00-04:00,22.225660207392377,22.294204967774075,22.131410549029045,22.16568374633789,3400,0.0,0.0,0.0
2017-03-27 00:00:00-04:00,22.1057071685791,22.1057071685791,22.1057071685791,22.1057071685791,600,0.0,0.0,0.0
2017-03-28 00:00:00-04:00,22.174252541486588,22.32847867571936,22.04573130770466,22.2856388092041,2300,0.0,0.0,0.0
2017-03-29 00:00:00-04:00,22.294207709236325,22.337047576904297,22.19995803928335,22.337047576904297,1800,0.0,0.0,0.0
2017-03-30 00:00:00-04:00,22.217094042238,22.397023442685466,22.217094042238,22.2856388092041,7500,0.0,0.0,0.0
2017-03-31 00:00:00-04:00,22.362751549563903,22.362751549563903,22.302775083624436,22.319910049438477,1900,0.0,0.0,0.0
2017-04-03 00:00:00-04:00,22.32847522294681,22.36274841824809,22.191385710213492,22.217090606689453,2000,0.0,0.0,0.0
2017-04-04 00:00:00-04:00,22.208524703979492,22.208524703979492,22.208524703979492,22.208524703979492,600,0.0,0.0,0.0
2017-04-05 00:00:00-04:00,22.405587981748678,22.431292877884605,22.345611525000734,22.379884719848633,2500,0.0,0.0,0.0
2017-04-06 00:00:00-04:00,22.234227881906886,22.362749099731445,22.234227881906886,22.362749099731445,900,0.0,0.0,0.0
2017-04-07 00:00:00-04:00,22.34561494951373,22.42272801550337,22.319910049438477,22.319910049438477,6500,0.0,0.0,0.0
2017-04-10 00:00:00-04:00,22.362747238292684,22.362747238292684,22.328474044799805,22.328474044799805,4400,0.0,0.0,0.0
2017-04-11 00:00:00-04:00,22.328474044799805,22.328474044799805,22.328474044799805,22.328474044799805,0,0.0,0.0,0.0
2017-04-12 00:00:00-04:00,22.4484333550406,22.4484333550406,22.34561538696289,22.34561538696289,1500,0.0,0.0,0.0
2017-04-13 00:00:00-04:00,22.345615276019924,22.345615276019924,22.2856388092041,22.2856388092041,1300,0.0,0.0,0.0
2017-04-17 00:00:00-04:00,22.191389083862305,22.234230584501887,22.105707716819285,22.191389083862305,5700,0.0,0.0,0.0
2017-04-18 00:00:00-04:00,22.242790666916832,22.268495559692383,22.242790666916832,22.268495559692383,800,0.0,0.0,0.0
2017-04-19 00:00:00-04:00,22.139982223510742,22.26850346453949,22.139982223510742,22.139982223510742,600,0.0,0.0,0.0
2017-04-20 00:00:00-04:00,22.259932868242025,22.277069467741562,22.208524703979492,22.208524703979492,3400,0.0,0.0,0.0
2017-04-21 00:00:00-04:00,22.182819251212024,22.26850061233566,22.08000292525249,22.12284278869629,3000,0.0,0.0,0.0
2017-04-24 00:00:00-04:00,22.354180479385285,22.39702033996582,22.22565926340775,22.39702033996582,3000,0.0,0.0,0.0
2017-04-25 00:00:00-04:00,22.44843288006714,22.69690704345703,22.44843288006714,22.69690704345703,9400,0.0,0.0,0.0
2017-04-26 00:00:00-04:00,22.636927092448307,22.688335250366602,22.636927092448307,22.66263198852539,1800,0.0,0.0,0.0
2017-04-27 00:00:00-04:00,22.662634988618525,22.705474853515625,22.49127226055793,22.705474853515625,9500,0.0,0.0,0.0
2017-04-28 00:00:00-04:00,22.68833830562499,22.696906605471177,22.628361840937774,22.671201705932617,2600,0.0,0.0,0.0
2017-05-01 00:00:00-04:00,22.705474853515625,22.705474853515625,22.662634988618525,22.705474853515625,2500,0.0,0.0,0.0
2017-05-02 00:00:00-04:00,22.534111346600767,22.534111346600767,22.44843161976794,22.499839782714844,5900,0.0,0.0,0.0
2017-05-03 00:00:00-04:00,22.328476814962585,22.328476814962585,22.217092190763523,22.25136375427246,2300,0.0,0.0,0.0
2017-05-04 00:00:00-04:00,22.22566234238828,22.2856388092041,22.22566234238828,22.2856388092041,800,0.0,0.0,0.0
2017-05-05 00:00:00-04:00,22.397017097558813,22.482698440551758,22.397017097558813,22.482698440551758,2400,0.0,0.0,0.0
2017-05-08 00:00:00-04:00,22.482704101703764,22.482704101703764,22.34561457209014,22.38845443725586,2700,0.0,0.0,0.0
2017-05-09 00:00:00-04:00,22.439864236538043,22.439864236538043,22.38845443725586,22.38845443725586,1100,0.0,0.0,0.0
2017-05-10 00:00:00-04:00,22.259930825024995,22.39702033996582,22.259930825024995,22.39702033996582,1100,0.0,0.0,0.0
2017-05-11 00:00:00-04:00,22.39702033996582,22.39702033996582,22.39702033996582,22.39702033996582,0,0.0,0.0,0.0
2017-05-12 00:00:00-04:00,22.34561587728513,22.42272894647644,22.337047576904297,22.337047576904297,1000,0.0,0.0,0.0
2017-05-15 00:00:00-04:00,22.53411102294922,22.53411102294922,22.525544357777804,22.53411102294922,2700,0.0,0.0,0.0
2017-05-16 00:00:00-04:00,22.671201705932617,22.671201705932617,22.671201705932617,22.671201705932617,200,0.0,0.0,0.0
2017-05-17 00:00:00-04:00,22.551246259962,22.576951156632035,22.242794036865234,22.242794036865234,30600,0.0,0.0,0.0
2017-05-18 00:00:00-04:00,22.208520729284114,22.431291580200195,22.17424753641897,22.431291580200195,3000,0.0,0.0,0.0
2017-05-19 00:00:00-04:00,22.60265688983205,22.705474853515625,22.60265688983205,22.705474853515625,1000,0.0,0.0,0.0
2017-05-22 00:00:00-04:00,22.85970246432209,22.868270764704366,22.739749527442658,22.80829429626465,3000,0.0,0.0,0.0
2017-05-23 00:00:00-04:00,22.756880074834864,23.073900590472288,22.662632057404185,23.005355834960938,4800,0.0,0.0,0.0
2017-05-24 00:00:00-04:00,22.91110674124757,23.09103775024414,22.91110674124757,23.09103775024414,1100,0.0,0.0,0.0
2017-05-25 00:00:00-04:00,23.048198586511454,23.048198586511454,22.962517222811602,22.988222122192383,900,0.0,0.0,0.0
2017-05-26 00:00:00-04:00,23.03962979607055,23.03962979607055,22.996789932250977,22.996789932250977,900,0.0,0.0,0.0
2017-05-30 00:00:00-04:00,22.97108633795644,23.099607570949992,22.945383071899414,22.945383071899414,1700,0.0,0.0,0.0
2017-05-31 00:00:00-04:00,23.039626753619828,23.039626753619828,22.791152634653148,22.825424194335938,3200,0.0,0.0,0.0
2017-06-01 00:00:00-04:00,23.031061056622985,23.031061056622985,22.91110813283014,22.971084594726562,10200,0.0,0.0,0.0
2017-06-02 00:00:00-04:00,23.116741012789422,23.116741012789422,23.022492993063523,23.09103775024414,1400,0.0,0.0,0.0
2017-06-05 00:00:00-04:00,23.0910368667908,23.133876725551183,22.979650619236438,23.039627075195312,1400,0.0,0.0,0.0
2017-06-06 00:00:00-04:00,22.94537800779313,23.048194317801684,22.85969665996215,22.962512969970703,2400,0.0,0.0,0.0
2017-06-07 00:00:00-04:00,23.013926416370587,23.013926416370587,22.936813354492188,22.936813354492188,600,0.0,0.0,0.0
2017-06-08 00:00:00-04:00,23.08247178568583,23.116743350624116,22.988222122192383,22.988222122192383,1400,0.0,0.0,0.0
2017-06-09 00:00:00-04:00,23.082468764032363,23.1938533782959,23.082468764032363,23.1938533782959,2000,0.0,0.0,0.0
2017-06-12 00:00:00-04:00,23.116743586536373,23.236698150634766,23.116743586536373,23.236698150634766,1900,0.0,0.0,0.0
2017-06-13 00:00:00-04:00,23.365217208862305,23.365217208862305,23.32237571343873,23.365217208862305,2400,0.0,0.0,0.0
2017-06-14 00:00:00-04:00,23.553718291414594,23.553718291414594,23.305244118977264,23.339515686035156,2500,0.0,0.0,0.0
2017-06-15 00:00:00-04:00,23.09960594893765,23.23669710663878,23.09960594893765,23.159584045410156,2300,0.0,0.0,0.0
2017-06-16 00:00:00-04:00,23.17671775817871,23.296672310407846,23.133877897248553,23.17671775817871,2800,0.0,0.0,0.0
2017-06-19 00:00:00-04:00,23.33951219303231,23.33951219303231,23.236695873009985,23.305240631103516,1900,0.0,0.0,0.0
2017-06-20 00:00:00-04:00,23.159896554663977,23.159896554663977,23.133941650390625,23.133941650390625,1300,0.262,0.0,0.0
2017-06-21 00:00:00-04:00,23.133944614071385,23.133944614071385,23.01282501220703,23.01282501220703,2100,0.0,0.0,0.0
2017-06-22 00:00:00-04:00,22.831137786994237,22.969560623168945,22.831137786994237,22.969560623168945,1300,0.0,0.0,0.0
2017-06-23 00:00:00-04:00,22.90035179684166,23.125289343615584,22.90035179684166,23.03012466430664,1400,0.0,0.0,0.0
2017-06-26 00:00:00-04:00,22.900354874023602,23.047429380133558,22.900354874023602,22.943613052368164,1200,0.0,0.0,0.0
2017-06-27 00:00:00-04:00,22.9349584432897,23.012821504084553,22.805187225341797,22.805187225341797,4800,0.0,0.0,0.0
2017-06-28 00:00:00-04:00,22.986870201994286,23.030128381508263,22.986870201994286,23.02147674560547,1100,0.0,0.0,0.0
2017-06-29 00:00:00-04:00,22.857097625732422,22.89170251718712,22.857097625732422,22.857097625732422,1300,0.0,0.0,0.0
2017-06-30 00:00:00-04:00,22.805187225341797,22.805187225341797,22.805187225341797,22.805187225341797,600,0.0,0.0,0.0
2017-07-03 00:00:00-04:00,22.952259744400063,23.056076049804688,22.952259744400063,23.056076049804688,1300,0.0,0.0,0.0
2017-07-05 00:00:00-04:00,23.12529162826615,23.15989816971056,22.969565492027744,23.107988357543945,4800,0.0,0.0,0.0
2017-07-06 00:00:00-04:00,23.01282501220703,23.01282501220703,22.986870104608606,23.01282501220703,1200,0.0,0.0,0.0
2017-07-07 00:00:00-04:00,23.01282501220703,23.01282501220703,23.01282501220703,23.01282501220703,0,0.0,0.0,0.0
2017-07-10 00:00:00-04:00,23.116638714502066,23.185850143432617,23.047427285571516,23.185850143432617,900,0.0,0.0,0.0
2017-07-11 00:00:00-04:00,23.22910904443272,23.281017205221623,23.22910904443272,23.27236557006836,1100,0.0,0.0,0.0
2017-07-12 00:00:00-04:00,23.34157528649233,23.393485093598613,23.27236386048117,23.2896671295166,2000,0.0,0.0,0.0
2017-07-13 00:00:00-04:00,23.298320966389465,23.315624237060547,23.298320966389465,23.315624237060547,2600,0.0,0.0,0.0
2017-07-14 00:00:00-04:00,23.445397043451983,23.627076447323482,23.445397043451983,23.52326011657715,3400,0.0,0.0,0.0
2017-07-17 00:00:00-04:00,23.531909314447734,23.54921093435902,23.384834819352534,23.45404624938965,40000,0.0,0.0,0.0
2017-07-18 00:00:00-04:00,23.445394181987094,23.46269745170993,23.39348602294922,23.39348602294922,1500,0.0,0.0,0.0
2017-07-19 00:00:00-04:00,23.410787330960456,23.601119995117188,23.410787330960456,23.601119995117188,1500,0.0,0.0,0.0
2017-07-20 00:00:00-04:00,23.60977162986346,23.60977162986346,23.57516509087838,23.601119995117188,5500,0.0,0.0,0.0
2017-07-21 00:00:00-04:00,23.566511154174805,23.583814421977177,23.566511154174805,23.566511154174805,1600,0.0,0.0,0.0
2017-07-24 00:00:00-04:00,23.57516509087838,23.601119995117188,23.56651345613211,23.601119995117188,1800,0.0,0.0,0.0
2017-07-25 00:00:00-04:00,23.609770159095582,23.67898158262362,23.609770159095582,23.661678314208984,2100,0.0,0.0,0.0
2017-07-26 00:00:00-04:00,23.661678314208984,23.661678314208984,23.661678314208984,23.661678314208984,0,0.0,0.0,0.0
2017-07-27 00:00:00-04:00,23.661677476957404,23.661677476957404,23.540556252471248,23.566511154174805,15200,0.0,0.0,0.0
2017-07-28 00:00:00-04:00,23.627069773041775,23.653024673461914,23.618418139568398,23.653024673461914,4100,0.0,0.0,0.0
2017-07-31 00:00:00-04:00,23.618418139568398,23.661676306935295,23.618418139568398,23.653024673461914,1800,0.0,0.0,0.0
2017-08-01 00:00:00-04:00,23.704940762032273,23.704940762032273,23.63572932119938,23.678987503051758,2000,0.0,0.0,0.0
2017-08-02 00:00:00-04:00,23.739549732984845,23.774154631871415,23.70494318396719,23.748201370239258,1700,0.0,0.0,0.0
2017-08-03 00:00:00-04:00,23.756843962243078,23.82605703873348,23.756843962243078,23.79145050048828,1200,0.0,0.0,0.0
2017-08-04 00:00:00-04:00,23.903921188845842,23.938527731056855,23.860664661212834,23.886619567871094,12200,0.0,0.0,0.0
2017-08-07 00:00:00-04:00,23.92121907165927,23.94717397247115,23.895265820977777,23.938522338867188,3100,0.0,0.0,0.0
2017-08-08 00:00:00-04:00,23.895269196776457,23.895269196776457,23.877965927124023,23.877965927124023,1700,0.0,0.0,0.0
2017-08-09 00:00:00-04:00,23.85200867910917,23.85200867910917,23.808752159358797,23.81740379333496,3800,0.0,0.0,0.0
2017-08-10 00:00:00-04:00,23.782799512642605,23.782799512642605,23.635725021362305,23.635725021362305,2000,0.0,0.0,0.0
2017-08-11 00:00:00-04:00,23.55786128879979,23.58381619245182,23.462696609003466,23.53190803527832,8400,0.0,0.0,0.0
2017-08-14 00:00:00-04:00,23.583816528320312,23.583816528320312,23.583816528320312,23.583816528320312,300,0.0,0.0,0.0
2017-08-15 00:00:00-04:00,23.601122000382905,23.609773635864258,23.523258931181452,23.609773635864258,2900,0.0,0.0,0.0
2017-08-16 00:00:00-04:00,23.748193542853535,23.748193542853535,23.73089027404785,23.73089027404785,900,0.0,0.0,0.0
2017-08-17 00:00:00-04:00,23.60112001066527,23.60112001066527,23.367530822753906,23.367530822753906,2200,0.0,0.0,0.0
2017-08-18 00:00:00-04:00,23.255063681451126,23.28967022412031,23.09068755416483,23.203155517578125,15100,0.0,0.0,0.0
2017-08-21 00:00:00-04:00,23.177202260707013,23.203155517578125,23.168550625039718,23.203155517578125,400,0.0,0.0,0.0
2017-08-22 00:00:00-04:00,23.22045740927946,23.27236557006836,23.22045740927946,23.27236557006836,500,0.0,0.0,0.0
2017-08-23 00:00:00-04:00,23.263710021972656,23.263710021972656,23.25505838827459,23.263710021972656,1200,0.0,0.0,0.0
2017-08-24 00:00:00-04:00,23.255063449062288,23.255063449062288,23.15989875793457,23.15989875793457,2100,0.0,0.0,0.0
2017-08-25 00:00:00-04:00,23.177196885886264,23.26370992223519,23.177196885886264,23.25505828857422,800,0.0,0.0,0.0
2017-08-28 00:00:00-04:00,23.28966840843253,23.28966840843253,23.203153708635124,23.21180534362793,5600,0.0,0.0,0.0
2017-08-29 00:00:00-04:00,23.09068545998475,23.185850143432617,23.09068545998475,23.185850143432617,2600,0.0,0.0,0.0
2017-08-30 00:00:00-04:00,23.185846927031157,23.237756729125977,23.185846927031157,23.237756729125977,400,0.0,0.0,0.0
2017-08-31 00:00:00-04:00,23.384836330954432,23.583818998907095,23.315624896443474,23.41944122314453,31500,0.0,0.0,0.0
2017-09-01 00:00:00-04:00,23.51460670927636,23.557863235473633,23.51460670927636,23.557863235473633,1800,0.0,0.0,0.0
2017-09-05 00:00:00-04:00,23.49730204377224,23.49730204377224,23.367530822753906,23.367530822753906,3500,0.0,0.0,0.0
2017-09-06 00:00:00-04:00,23.44539333990211,23.575164557901143,23.44539333990211,23.53190803527832,7800,0.0,0.0,0.0
2017-09-07 00:00:00-04:00,23.54921018663957,23.601119995117188,23.5405585518933,23.601119995117188,900,0.0,0.0,0.0
2017-09-08 00:00:00-04:00,23.60977166857356,23.661679827005685,23.60977166857356,23.627073287963867,2700,0.0,0.0,0.0
2017-09-11 00:00:00-04:00,23.730890511375136,23.774147033691406,23.730890511375136,23.774147033691406,900,0.0,0.0,0.0
2017-09-12 00:00:00-04:00,23.81740520613823,23.869313362943863,23.774147033691406,23.774147033691406,4200,0.0,0.0,0.0
2017-09-13 00:00:00-04:00,23.748195587476854,23.7654972076416,23.730892317181432,23.7654972076416,1900,0.0,0.0,0.0
2017-09-14 00:00:00-04:00,23.77414723136568,23.79145050048828,23.739542343251046,23.79145050048828,1500,0.0,0.0,0.0
2017-09-15 00:00:00-04:00,23.947178121223015,23.990434646606445,23.929874851017374,23.990434646606445,1600,0.0,0.0,0.0
2017-09-18 00:00:00-04:00,24.154812621568233,24.26728057861328,24.154812621568233,24.26728057861328,4400,0.0,0.0,0.0
2017-09-19 00:00:00-04:00,24.3364894177526,24.397050857543945,24.3364894177526,24.397050857543945,5100,0.0,0.0,0.0
2017-09-20 00:00:00-04:00,24.448959012948873,24.45761064720478,24.31053616511539,24.397050857543945,3900,0.0,0.0,0.0
2017-09-21 00:00:00-04:00,24.55277919914845,24.55277919914845,24.405704693844946,24.42300796508789,15900,0.0,0.0,0.0
2017-09-22 00:00:00-04:00,24.457612025946847,24.457612025946847,24.31918917031009,24.32784080505371,4000,0.0,0.0,0.0
2017-09-25 00:00:00-04:00,24.275930898112644,24.33649069094173,24.26727926340412,24.319189071655273,3100,0.0,0.0,0.0
2017-09-26 00:00:00-04:00,24.241326793716624,24.2672800485513,24.18941698378597,24.198068618774414,2900,0.0,0.0,0.0
2017-09-27 00:00:00-04:00,24.206719721990382,24.206719721990382,24.07694850027586,24.128856658935547,7800,0.0,0.0,0.0
2017-09-28 00:00:00-04:00,24.050994026385347,24.27593158477778,24.050994026385347,24.189416885375977,10300,0.0,0.0,0.0
2017-09-29 00:00:00-04:00,24.301885900822846,24.32784080505371,24.275930996591978,24.32784080505371,1100,0.0,0.0,0.0
2017-10-02 00:00:00-04:00,24.275930996591978,24.32784080505371,24.275930996591978,24.32784080505371,1600,0.0,0.0,0.0
2017-10-03 00:00:00-04:00,24.405699075550938,24.43165397644043,24.388397458421665,24.43165397644043,1800,0.0,0.0,0.0
2017-10-04 00:00:00-04:00,24.466262856981782,24.526822648067167,24.466262856981782,24.492216110229492,1300,0.0,0.0,0.0
2017-10-05 00:00:00-04:00,24.48356276810976,24.509517669677734,24.48356276810976,24.509517669677734,1300,0.0,0.0,0.0
2017-10-06 00:00:00-04:00,24.44030727933942,24.44030727933942,24.3624442214833,24.388399124145508,2900,0.0,0.0,0.0
2017-10-09 00:00:00-04:00,24.3278404098723,24.362445298154068,24.249977348575108,24.29323387145996,3400,0.0,0.0,0.0
2017-10-10 00:00:00-04:00,24.5268259424148,24.5268259424148,24.41435632946642,24.42300796508789,4000,0.0,0.0,0.0
2017-10-11 00:00:00-04:00,24.52682059639099,24.5354722301267,24.457609176635742,24.457609176635742,2200,0.0,0.0,0.0
2017-10-12 00:00:00-04:00,24.397050857543945,24.397050857543945,24.397050857543945,24.397050857543945,300,0.0,0.0,0.0
2017-10-13 00:00:00-04:00,24.639289519825294,24.864227055555936,24.613336267710917,24.82097053527832,14800,0.0,0.0,0.0
2017-10-16 00:00:00-04:00,24.80366526114932,24.8728766780744,24.760408744370025,24.81231689453125,8200,0.0,0.0,0.0
2017-10-17 00:00:00-04:00,24.69985405665897,24.69985405665897,24.691204071044922,24.691204071044922,1600,0.0,0.0,0.0
2017-10-18 00:00:00-04:00,24.68255243530008,24.725808963893492,24.656597528065557,24.691204071044922,4200,0.0,0.0,0.0
2017-10-19 00:00:00-04:00,24.596035337410978,24.6479434967041,24.56142879779514,24.6479434967041,5600,0.0,0.0,0.0
2017-10-20 00:00:00-04:00,24.630639150683066,24.74310874938965,24.630639150683066,24.74310874938965,1300,0.0,0.0,0.0
2017-10-23 00:00:00-04:00,24.717151400421677,24.734454667761646,24.67389488220215,24.67389488220215,600,0.0,0.0,0.0
2017-10-24 00:00:00-04:00,24.855581477986718,24.87288475036621,24.80367331097912,24.87288475036621,44800,0.0,0.0,0.0
2017-10-25 00:00:00-04:00,24.760408744370025,24.81231689453125,24.725802210842314,24.81231689453125,3700,0.0,0.0,0.0
2017-10-26 00:00:00-04:00,24.846925834077805,24.916137262301337,24.725806247219268,24.85557746887207,13400,0.0,0.0,0.0
2017-10-27 00:00:00-04:00,24.725806541180372,24.881532669067383,24.68255001682537,24.881532669067383,4400,0.0,0.0,0.0
2017-10-30 00:00:00-04:00,24.864226856437316,24.87287849044965,24.803667068481445,24.803667068481445,7400,0.0,0.0,0.0
2017-10-31 00:00:00-04:00,24.812323372989983,25.002654406696504,24.79502010170827,24.92479133605957,5300,0.0,0.0,0.0
2017-11-01 00:00:00-04:00,24.950744862868966,25.063212819717556,24.950744862868966,24.994001388549805,1000,0.0,0.0,0.0
2017-11-02 00:00:00-04:00,24.90748757375876,24.916137558525257,24.829624509815254,24.881532669067383,1900,0.0,0.0,0.0
2017-11-03 00:00:00-04:00,24.76906220065098,24.76906220065098,24.717154043211377,24.760412216186523,1700,0.0,0.0,0.0
2017-11-06 00:00:00-05:00,24.812318901196704,24.933438478078404,24.78636399895185,24.82097053527832,38600,0.0,0.0,0.0
2017-11-07 00:00:00-05:00,24.78636291979908,24.78636291979908,24.682546615600586,24.682546615600586,1100,0.0,0.0,0.0
2017-11-08 00:00:00-05:00,24.74311207553948,24.74311207553948,24.665249004469707,24.699853897094727,2000,0.0,0.0,0.0
2017-11-09 00:00:00-05:00,24.570082138257664,24.570082138257664,24.293236402635948,24.3710994720459,54100,0.0,0.0,0.0
2017-11-10 00:00:00-05:00,24.440305267828837,24.46626016835488,24.345138949363715,24.379745483398438,4500,0.0,0.0,0.0
2017-11-13 00:00:00-05:00,24.275930404663086,24.474914698653293,24.241325516662982,24.275930404663086,26200,0.0,0.0,0.0
2017-11-14 00:00:00-05:00,24.275929729824018,24.33648951973864,24.1721134185791,24.1721134185791,2500,0.0,0.0,0.0
2017-11-15 00:00:00-05:00,24.137509105152176,24.137509105152176,23.81740685750435,23.964481353759766,8100,0.0,0.0,0.0
2017-11-16 00:00:00-05:00,24.21537057374194,24.249977111816406,24.21537057374194,24.249977111816406,500,0.0,0.0,0.0
2017-11-17 00:00:00-05:00,24.249976477078047,24.249976477078047,24.1721134185791,24.1721134185791,3800,0.0,0.0,0.0
2017-11-20 00:00:00-05:00,24.301887315904956,24.31053895115236,24.267280774915353,24.284584045410156,2600,0.0,0.0,0.0
2017-11-21 00:00:00-05:00,24.535470962524414,24.535470962524414,24.535470962524414,24.535470962524414,100,0.0,0.0,0.0
2017-11-22 00:00:00-05:00,24.544127080003793,24.639291763305664,24.544127080003793,24.639291763305664,4200,0.0,0.0,0.0
2017-11-24 00:00:00-05:00,24.81231689453125,24.81231689453125,24.81231689453125,24.81231689453125,300,0.0,0.0,0.0
2017-11-27 00:00:00-05:00,24.509520109258702,24.621988060320344,24.509520109258702,24.578731536865234,700,0.0,0.0,0.0
2017-11-28 00:00:00-05:00,24.656597528065557,24.71715732814865,24.656597528065557,24.691204071044922,1500,0.0,0.0,0.0
2017-11-29 00:00:00-05:00,24.83827692831484,24.83827692831484,24.68255243530008,24.691204071044922,2100,0.0,0.0,0.0
2017-11-30 00:00:00-05:00,24.83827538110161,24.87288192192528,24.76906394958496,24.76906394958496,5000,0.0,0.0,0.0
2017-12-01 00:00:00-05:00,24.80366526114932,24.83827014454669,24.66524242729916,24.81231689453125,4000,0.0,0.0,0.0
2017-12-04 00:00:00-05:00,25.01130464788925,25.080516079026605,24.734458923339844,24.734458923339844,20900,0.0,0.0,0.0
2017-12-05 00:00:00-05:00,24.76905955231119,24.881529139890603,24.67389488220215,24.67389488220215,4900,0.0,0.0,0.0
2017-12-06 00:00:00-05:00,24.59603520074721,24.613338470458984,24.57873193103543,24.613338470458984,3400,0.0,0.0,0.0
2017-12-07 00:00:00-05:00,24.57007702756675,24.890180874127978,24.57007702756675,24.682546615600586,6400,0.0,0.0,0.0
2017-12-08 00:00:00-05:00,24.760412216186523,24.82962364281618,24.743108946996465,24.760412216186523,1700,0.0,0.0,0.0
2017-12-11 00:00:00-05:00,24.717158599212542,24.8901880227457,24.717158599212542,24.87288475036621,2700,0.0,0.0,0.0
2017-12-12 00:00:00-05:00,24.81232327563972,24.968049416302602,24.81232327563972,24.916139602661133,1200,0.0,0.0,0.0
2017-12-13 00:00:00-05:00,25.045907576292322,25.045907576292322,25.011301040649414,25.011301040649414,600,0.0,0.0,0.0
2017-12-14 00:00:00-05:00,25.011301040649414,25.011301040649414,25.011301040649414,25.011301040649414,0,0.0,0.0,0.0
2017-12-15 00:00:00-05:00,24.907491295125194,24.95939946213279,24.87288475036621,24.87288475036621,1800,0.0,0.0,0.0
2017-12-18 00:00:00-05:00,25.097816268681377,25.115119536874474,25.045908114232564,25.08051300048828,8100,0.0,0.0,0.0
2017-12-19 00:00:00-05:00,25.090114985970406,25.133749302737705,25.011571884155273,25.011571884155273,6100,0.251,0.0,0.0
2017-12-20 00:00:00-05:00,25.046480423847072,25.072660347834,25.02902603149414,25.02902603149414,2600,0.0,0.0,0.0
2017-12-21 00:00:00-05:00,25.16865798693848,25.238473892211914,25.159930790711492,25.238473892211914,3900,0.0,0.0,0.0
2017-12-22 00:00:00-05:00,25.22101828070952,25.30828857421875,25.22101828070952,25.30828857421875,2900,0.0,0.0,0.0
2017-12-26 00:00:00-05:00,25.386835928341963,25.39556312561035,25.386835928341963,25.39556312561035,700,0.0,0.0,0.0
2017-12-27 00:00:00-05:00,25.482829316046207,25.55264521836925,25.413013413723167,25.517736434936523,26800,0.0,0.0,0.0
2017-12-28 00:00:00-05:00,25.596283111978913,25.622464703214156,25.535194396972656,25.535194396972656,1400,0.0,0.0,0.0
2017-12-29 00:00:00-05:00,25.666095634055882,25.666095634055882,25.613734123044008,25.622461318969727,4100,0.0,0.0,0.0
2018-01-02 00:00:00-05:00,25.74464366932025,25.80573238797146,25.66610055547077,25.779552459716797,17400,0.0,0.0,0.0
2018-01-03 00:00:00-05:00,26.006446838378906,26.050082816138204,26.006446838378906,26.006446838378906,2800,0.0,0.0,0.0
2018-01-04 00:00:00-05:00,26.137355411445018,26.215898513793945,26.137355411445018,26.215898513793945,1300,0.0,0.0,0.0
2018-01-05 00:00:00-05:00,26.381706376517688,26.381706376517688,26.24207458496518,26.32061767578125,2700,0.0,0.0,0.0
2018-01-08 00:00:00-05:00,26.268260124820504,26.285714517527925,26.224624143051958,26.259532928466797,3500,0.0,0.0,0.0
2018-01-09 00:00:00-05:00,26.21589351767991,26.21589351767991,26.11989604098324,26.163530349731445,7600,0.0,0.0,0.0
2018-01-10 00:00:00-05:00,26.338070913808632,26.338070913808632,26.163530349731445,26.163530349731445,6100,0.0,0.0,0.0
2018-01-11 00:00:00-05:00,26.102448317631602,26.381711959838867,26.102448317631602,26.381711959838867,4000,0.0,0.0,0.0
2018-01-12 00:00:00-05:00,26.35553338284059,26.530072335883343,26.35553338284059,26.521345138549805,5500,0.0,0.0,0.0
2018-01-16 00:00:00-05:00,26.530066201758977,26.66097080240973,26.329345703125,26.329345703125,5700,0.0,0.0,0.0
2018-01-17 00:00:00-05:00,26.44279507725413,26.44279507725413,26.24207458496518,26.32061767578125,6800,0.0,0.0,0.0
2018-01-18 00:00:00-05:00,26.19844470878054,26.346803720484804,26.1809903157465,26.224624633789062,12600,0.0,0.0,0.0
2018-01-19 00:00:00-05:00,26.38171029782537,26.39043749416237,26.311894391671864,26.364255905151367,4700,0.0,0.0,0.0
2018-01-22 00:00:00-05:00,26.51261373824512,26.599884033203125,26.51261373824512,26.599884033203125,1200,0.0,0.0,0.0
2018-01-23 00:00:00-05:00,26.73078967260974,26.73078967260974,26.608612253689675,26.713336944580078,8600,0.0,0.0,0.0
2018-01-24 00:00:00-05:00,26.896604442400537,26.896604442400537,26.774427017259814,26.852970123291016,5400,0.0,0.0,0.0
2018-01-25 00:00:00-05:00,26.99260085991004,26.99260085991004,26.84424185052494,26.861696243286133,4500,0.0,0.0,0.0
2018-01-26 00:00:00-05:00,26.922785338170325,27.05368995666504,26.922785338170325,27.05368995666504,3800,0.0,0.0,0.0
2018-01-29 00:00:00-05:00,26.966416378730976,26.966416378730976,26.91405487060547,26.91405487060547,3600,0.0,0.0,0.0
2018-01-30 00:00:00-05:00,26.79187901501922,26.914056429234968,26.521340934195162,26.599884033203125,2100,0.0,0.0,0.0
2018-01-31 00:00:00-05:00,26.756973513303787,26.756973513303787,26.739519119262695,26.739519119262695,2400,0.0,0.0,0.0
2018-02-01 00:00:00-05:00,26.53880002399658,26.66097745984019,26.49516570106464,26.50389289855957,2800,0.0,0.0,0.0
2018-02-02 00:00:00-05:00,26.372982119778136,26.372982119778136,26.137354485620143,26.146080017089844,34900,0.0,0.0,0.0
2018-02-05 00:00:00-05:00,25.988997832788982,26.015177758650516,25.125025323963975,25.255929946899414,5100,0.0,0.0,0.0
2018-02-06 00:00:00-05:00,24.950484790463623,25.639916694375668,24.950484790463623,25.570100784301758,5500,0.0,0.0,0.0
2018-02-07 00:00:00-05:00,25.57010097019147,25.80573029260737,25.25593020484621,25.67482566833496,9200,0.0,0.0,0.0
2018-02-08 00:00:00-05:00,25.701003846422644,25.701003846422644,24.915572875992634,24.933027267456055,7400,0.0,0.0,0.0
2018-02-09 00:00:00-05:00,25.325744142649665,25.325744142649665,24.531587597443828,25.072660446166992,9400,0.0,0.0,0.0
2018-02-12 00:00:00-05:00,25.116297437084068,25.526465688223627,25.116297437084068,25.456649780273438,4200,0.0,0.0,0.0
2018-02-13 00:00:00-05:00,25.360649696554358,25.386831283569336,25.308288187066776,25.386831283569336,1400,0.0,0.0,0.0
2018-02-14 00:00:00-05:00,25.14247495380983,25.692276632726408,25.14247495380983,25.59627914428711,3900,0.0,0.0,0.0
2018-02-15 00:00:00-05:00,25.823185797118875,25.831912994384766,25.587556464567868,25.831912994384766,4600,0.0,0.0,0.0
2018-02-16 00:00:00-05:00,25.805730515289394,26.180991662106404,25.805730515289394,25.927907943725586,8000,0.0,0.0,0.0
2018-02-20 00:00:00-05:00,25.80572989367653,25.84063868069891,25.701006861694562,25.753368377685547,5400,0.0,0.0,0.0
2018-02-21 00:00:00-05:00,25.95408894625979,26.119902355766175,25.91918182373047,25.91918182373047,4700,0.0,0.0,0.0
2018-02-22 00:00:00-05:00,25.92790982527388,25.96281861567042,25.779552459716797,25.779552459716797,5100,0.0,0.0,0.0
2018-02-23 00:00:00-05:00,26.032631304042233,26.242079026823102,26.032631304042233,26.224624633789062,2900,0.0,0.0,0.0
2018-02-26 00:00:00-05:00,26.364255905151367,26.468980596652877,26.22462409284436,26.364255905151367,40900,0.0,0.0,0.0
2018-02-27 00:00:00-05:00,26.259529184934884,26.294436300830892,26.03262710571289,26.03262710571289,5100,0.0,0.0,0.0
2018-02-28 00:00:00-05:00,26.119904411045873,26.119904411045873,25.63119300538236,25.69228172302246,2400,0.0,0.0,0.0
2018-03-01 00:00:00-05:00,25.57009814341543,25.875543342645802,25.40428641445409,25.622461318969727,15400,0.0,0.0,0.0
2018-03-02 00:00:00-05:00,25.36065320443558,25.53519381292645,25.30829168770536,25.50901222229004,2400,0.0,0.0,0.0
2018-03-05 00:00:00-05:00,25.430470996270085,25.945363998413086,25.42174379874564,25.945363998413086,6100,0.0,0.0,0.0
2018-03-06 00:00:00-05:00,26.006448647306698,26.006448647306698,25.95408713489579,25.962814331054688,900,0.0,0.0,0.0
2018-03-07 00:00:00-05:00,25.7882702225167,25.840633392333984,25.7882702225167,25.840633392333984,3400,0.0,0.0,0.0
2018-03-08 00:00:00-05:00,25.997726010499267,25.997726010499267,25.91045570373535,25.91045570373535,1100,0.0,0.0,0.0
2018-03-09 00:00:00-05:00,26.180990260771008,26.372983590114682,26.180990260771008,26.346803665161133,1900,0.0,0.0,0.0
2018-03-12 00:00:00-04:00,26.399164741041133,26.399164741041133,26.259532928466797,26.259532928466797,3600,0.0,0.0,0.0
2018-03-13 00:00:00-04:00,26.285714472791707,26.33807598628234,26.093719482421875,26.093719482421875,2600,0.0,0.0,0.0
2018-03-14 00:00:00-04:00,26.02390485586102,26.032632052628994,25.91918182373047,25.91918182373047,2100,0.0,0.0,0.0
2018-03-15 00:00:00-04:00,25.744640350341797,25.744640350341797,25.744640350341797,25.744640350341797,400,0.0,0.0,0.0
2018-03-16 00:00:00-04:00,25.666096809973023,25.70973112705833,25.605008100236596,25.65736961364746,3000,0.0,0.0,0.0
2018-03-19 00:00:00-04:00,25.561374775899477,25.570100308021416,25.317018262920985,25.33447265625,4800,0.0,0.0,0.0
2018-03-20 00:00:00-04:00,25.378108731073578,25.474106236483152,25.378108731073578,25.39556312561035,800,0.0,0.0,0.0
2018-03-21 00:00:00-04:00,25.44792335780806,25.570100784301758,25.42174176732687,25.570100784301758,3700,0.0,0.0,0.0
2018-03-22 00:00:00-04:00,25.238474292028968,25.25592868475945,24.889394760131836,24.889394760131836,5300,0.0,0.0,0.0
2018-03-23 00:00:00-04:00,24.898122009977065,24.924301934586516,24.767215728759766,24.767215728759766,2900,0.0,0.0,0.0
2018-03-26 00:00:00-04:00,25.00284809822257,25.10757280310778,24.819581945351853,25.090118408203125,12800,0.0,0.0,0.0
2018-03-27 00:00:00-04:00,25.264654047091476,25.264654047091476,24.933027267456055,24.933027267456055,1700,0.0,0.0,0.0
2018-03-28 00:00:00-04:00,24.976664470982797,24.976664470982797,24.84575819312983,24.86321258544922,2900,0.0,0.0,0.0
2018-03-29 00:00:00-04:00,24.906851127651386,25.325746599140903,24.84576074825102,25.203567504882812,4400,0.0,0.0,0.0
2018-04-02 00:00:00-04:00,24.976663480130252,24.976663480130252,24.610129578676187,24.645036697387695,1800,0.0,0.0,0.0
2018-04-03 00:00:00-04:00,24.985389464867783,25.002843856811523,24.933027953578993,25.002843856811523,3100,0.0,0.0,0.0
2018-04-04 00:00:00-04:00,24.522860305056415,25.037753227670606,24.43559000783423,25.02902603149414,29800,0.0,0.0,0.0
2018-04-05 00:00:00-04:00,25.029029782150346,25.133752822875977,25.029029782150346,25.133752822875977,300,0.0,0.0,0.0
2018-04-06 00:00:00-04:00,25.011572524261677,25.15120433894154,24.84575912012589,24.91557502746582,2600,0.0,0.0,0.0
2018-04-09 00:00:00-04:00,24.976667862093215,25.30829303847444,24.976667862093215,25.212295532226562,11700,0.0,0.0,0.0
2018-04-10 00:00:00-04:00,25.404285288689415,25.465373992919922,25.404285288689415,25.465373992919922,10500,0.0,0.0,0.0
2018-04-11 00:00:00-04:00,25.39556204870716,25.4479235655544,25.343200531859917,25.40428924560547,6700,0.0,0.0,0.0
2018-04-12 00:00:00-04:00,25.3082918715171,25.613737106323242,25.3082918715171,25.613737106323242,30900,0.0,0.0,0.0
2018-04-13 00:00:00-04:00,25.666094353692664,25.70100313565409,25.491553772970214,25.52646255493164,2500,0.0,0.0,0.0
2018-04-16 00:00:00-04:00,25.674822829981597,25.674822829981597,25.52646382832927,25.622461318969727,700,0.0,0.0,0.0
2018-04-17 00:00:00-04:00,25.70100559527527,25.770821501337256,25.65736961364746,25.65736961364746,1200,0.0,0.0,0.0
2018-04-18 00:00:00-04:00,25.639913514448697,25.866815610183586,25.639913514448697,25.76209259033203,4200,0.0,0.0,0.0
2018-04-19 00:00:00-04:00,25.78827574683852,25.78827574683852,25.683552713854837,25.73591423034668,3000,0.0,0.0,0.0
2018-04-20 00:00:00-04:00,25.70100545132596,25.70100545132596,25.447921752929688,25.447921752929688,1000,0.0,0.0,0.0
2018-04-23 00:00:00-04:00,25.41301404671396,25.535191462686893,25.41301404671396,25.42173957824707,800,0.0,0.0,0.0
2018-04-24 00:00:00-04:00,25.48282885829549,25.48282885829549,25.159929275512695,25.159929275512695,2300,0.0,0.0,0.0
2018-04-25 00:00:00-04:00,25.159929275512695,25.317015469053384,25.05520459163811,25.159929275512695,3100,0.0,0.0,0.0
2018-04-26 00:00:00-04:00,25.369382858276367,25.369382858276367,25.369382858276367,25.369382858276367,800,0.0,0.0,0.0
2018-04-27 00:00:00-04:00,25.26465387325085,25.386831283569336,25.26465387325085,25.386831283569336,600,0.0,0.0,0.0
2018-04-30 00:00:00-04:00,25.351927173999037,25.351927173999037,25.12502670288086,25.12502670288086,9800,0.0,0.0,0.0
2018-05-01 00:00:00-04:00,25.133751899298087,25.133751899298087,25.046483256747784,25.081390380859375,1900,0.0,0.0,0.0
2018-05-02 00:00:00-04:00,25.13375223561852,25.13375223561852,25.12502670288086,25.12502670288086,400,0.0,0.0,0.0
2018-05-03 00:00:00-04:00,24.933029759675154,25.107570362671048,24.871941047989356,24.959211349487305,11400,0.0,0.0,0.0
2018-05-04 00:00:00-04:00,25.002844880451768,25.125023964517645,24.889394657257558,25.116296768188477,11200,0.0,0.0,0.0
2018-05-07 00:00:00-04:00,25.055206200922573,25.15993089152358,24.994117491631357,25.011571884155273,18000,0.0,0.0,0.0
2018-05-08 00:00:00-04:00,25.02902491203892,25.142475128173828,25.02902491203892,25.142475128173828,13400,0.0,0.0,0.0
2018-05-09 00:00:00-04:00,25.0377569796346,25.18611600778151,25.0377569796346,25.133752822875977,14300,0.0,0.0,0.0
2018-05-10 00:00:00-04:00,25.308288187066776,25.4653743800719,25.308288187066776,25.386831283569336,2000,0.0,0.0,0.0
2018-05-11 00:00:00-04:00,25.41301521681311,25.482831124089692,25.325744916581755,25.474103927612305,2500,0.0,0.0,0.0
2018-05-14 00:00:00-04:00,25.587555177955885,25.596282374782948,25.570100784301758,25.570100784301758,1600,0.0,0.0,0.0
2018-05-15 00:00:00-04:00,25.570100784301758,25.683552678510985,25.51773926788197,25.570100784301758,1700,0.0,0.0,0.0
2018-05-16 00:00:00-04:00,25.66609724661803,25.76209474328986,25.648642853669966,25.744640350341797,3600,0.0,0.0,0.0
2018-05-17 00:00:00-04:00,25.596278916146833,25.919178496946756,25.57882452485119,25.88426971435547,45600,0.0,0.0,0.0
2018-05-18 00:00:00-04:00,25.70973383632155,25.936635971069336,25.70973383632155,25.936635971069336,2400,0.0,0.0,0.0
2018-05-21 00:00:00-04:00,26.050086577682503,26.146082413529726,26.050086577682503,26.128629684448242,5200,0.0,0.0,0.0
2018-05-22 00:00:00-04:00,26.146080210221665,26.18098899452808,25.980268478393555,25.980268478393555,5100,0.0,0.0,0.0
2018-05-23 00:00:00-04:00,25.831908491747196,25.831908491747196,25.674822297427475,25.76209259033203,10700,0.0,0.0,0.0
2018-05-24 00:00:00-04:00,25.744640350341797,25.744640350341797,25.744640350341797,25.744640350341797,400,0.0,0.0,0.0
2018-05-25 00:00:00-04:00,25.81445567014645,25.81445567014645,25.71845817565918,25.71845817565918,4000,0.0,0.0,0.0
2018-05-29 00:00:00-04:00,25.692277712859646,25.718457636594717,25.526464316186885,25.587553024291992,30400,0.0,0.0,0.0
2018-05-30 00:00:00-04:00,25.7882702225167,25.840633392333984,25.7882702225167,25.840633392333984,7400,0.0,0.0,0.0
2018-05-31 00:00:00-04:00,25.735915030547872,25.770823818989577,25.561376081967307,25.578828811645508,10600,0.0,0.0,0.0
2018-06-01 00:00:00-04:00,25.735915523579543,25.735915523579543,25.561376571655273,25.561376571655273,1000,0.0,0.0,0.0
2018-06-04 00:00:00-04:00,25.605010678575844,25.744642504760282,25.56137635709671,25.727188110351562,3700,0.0,0.0,0.0
2018-06-05 00:00:00-04:00,25.74464366932025,25.779552459716797,25.657373357871634,25.779552459716797,5100,0.0,0.0,0.0
2018-06-06 00:00:00-04:00,25.779550377836983,26.11990273400373,25.779550377836983,26.111175537109375,2700,0.0,0.0,0.0
2018-06-07 00:00:00-04:00,26.050083504928924,26.146079329452903,26.032629113363694,26.076263427734375,27200,0.0,0.0,0.0
2018-06-08 00:00:00-04:00,26.11990023932144,26.180988947204792,26.050084335377257,26.084991455078125,8000,0.0,0.0,0.0
2018-06-11 00:00:00-04:00,25.988996890078003,26.18099021911621,25.988996890078003,26.18099021911621,3500,0.0,0.0,0.0
2018-06-12 00:00:00-04:00,26.05881236160895,26.093719482421875,26.05881236160895,26.093719482421875,1000,0.0,0.0,0.0
2018-06-13 00:00:00-04:00,26.163534995564703,26.224623704476528,26.093719090445123,26.17226219177246,4700,0.0,0.0,0.0
2018-06-14 00:00:00-04:00,25.980271957295454,26.00645188448845,25.936635971069336,25.936635971069336,2100,0.0,0.0,0.0
2018-06-15 00:00:00-04:00,25.683553358948597,25.683553358948597,25.639917373657227,25.639917373657227,800,0.0,0.0,0.0
2018-06-18 00:00:00-04:00,25.43046464806807,25.709728240966797,25.43046464806807,25.709728240966797,2900,0.0,0.0,0.0
2018-06-19 00:00:00-04:00,25.2609993945091,25.40177976229105,25.21700668334961,25.21700668334961,3300,0.24,0.0,0.0
2018-06-20 00:00:00-04:00,25.25220489501953,25.31379536851431,25.217009379757062,25.25220489501953,3400,0.0,0.0,0.0
2018-06-21 00:00:00-04:00,25.102625734344095,25.181813960494583,25.06743022129302,25.12902069091797,3000,0.0,0.0,0.0
2018-06-22 00:00:00-04:00,25.384182808289573,25.384182808289573,25.304994583129883,25.304994583129883,900,0.0,0.0,0.0
2018-06-25 00:00:00-04:00,24.96184865414834,25.049834086041756,24.96184865414834,25.032238006591797,2300,0.0,0.0,0.0
2018-06-26 00:00:00-04:00,25.005835666790343,25.155413216394013,25.005835666790343,25.085023880004883,7500,0.0,0.0,0.0
2018-06-27 00:00:00-04:00,25.164214029813508,25.164214029813508,24.917850494384766,24.917850494384766,2000,0.0,0.0,0.0
2018-06-28 00:00:00-04:00,24.91785105129686,24.91785105129686,24.847461707917493,24.900253295898438,1700,0.0,0.0,0.0
2018-06-29 00:00:00-04:00,24.944245483347913,25.243400585866766,24.944245483347913,25.07622528076172,3500,0.0,0.0,0.0
2018-07-02 00:00:00-04:00,24.856258658536948,24.86505753555399,24.777070443597747,24.794668197631836,1500,0.0,0.0,0.0
2018-07-03 00:00:00-04:00,25.067427766349535,25.067427766349535,24.873857498168945,24.873857498168945,4600,0.0,0.0,0.0
2018-07-05 00:00:00-04:00,24.85625974336682,24.90025245215787,24.847460865965758,24.873857498168945,2800,0.0,0.0,0.0
2018-07-06 00:00:00-04:00,24.882658812418164,25.146618447443508,24.882658812418164,25.12902069091797,2100,0.0,0.0,0.0
2018-07-09 00:00:00-04:00,25.120220434440068,25.33139014473188,25.120220434440068,25.278596878051758,3300,0.0,0.0,0.0
2018-07-10 00:00:00-04:00,25.357783993087416,25.3665828704834,25.357783993087416,25.3665828704834,900,0.0,0.0,0.0
2018-07-11 00:00:00-04:00,25.085026889128535,25.085026889128535,24.93544932158199,24.94424819946289,2000,0.0,0.0,0.0
2018-07-12 00:00:00-04:00,25.09382853022351,25.09382853022351,24.926653188506613,24.970645904541016,8600,0.0,0.0,0.0
2018-07-13 00:00:00-04:00,24.873860799887424,24.873860799887424,24.750678178135736,24.777074813842773,41100,0.0,0.0,0.0
2018-07-16 00:00:00-04:00,24.77707321789863,24.77707321789863,24.548307424483056,24.601099014282227,3500,0.0,0.0,0.0
2018-07-17 00:00:00-04:00,24.609901928563175,24.759479522705078,24.609901928563175,24.759479522705078,7100,0.0,0.0,0.0
2018-07-18 00:00:00-04:00,24.72428079600136,24.75947462861156,24.680286407470703,24.680286407470703,4900,0.0,0.0,0.0
2018-07-19 00:00:00-04:00,24.645092574860502,24.812267894848347,24.609897064035977,24.680286407470703,7000,0.0,0.0,0.0
2018-07-20 00:00:00-04:00,24.750675994566294,24.785871505737305,24.750675994566294,24.785871505737305,900,0.0,0.0,0.0
2018-07-23 00:00:00-04:00,24.812272799377272,24.812272799377272,24.759479522705078,24.759479522705078,600,0.0,0.0,0.0
2018-07-24 00:00:00-04:00,24.953047361968046,25.023436707603757,24.90025409408048,24.98824119567871,7200,0.0,0.0,0.0
2018-07-25 00:00:00-04:00,24.90904971252989,25.199405935058753,24.90904971252989,25.137815475463867,8100,0.0,0.0,0.0
2018-07-26 00:00:00-04:00,25.164216447785456,25.45457272041237,25.111424855911775,25.34018898010254,11100,0.0,0.0,0.0
2018-07-27 00:00:00-04:00,25.42817659554919,25.42817659554919,25.331392288208008,25.331392288208008,500,0.0,0.0,0.0
2018-07-30 00:00:00-04:00,25.4281771593593,25.454573795518257,25.34898892909694,25.41937828063965,900,0.0,0.0,0.0
2018-07-31 00:00:00-04:00,25.516162048080236,25.692136250732055,25.48976541421815,25.648141860961914,5400,0.0,0.0,0.0
2018-08-01 00:00:00-04:00,25.736130078816505,25.736130078816505,25.560155868530273,25.560155868530273,1000,0.0,0.0,0.0
2018-08-02 00:00:00-04:00,25.736126769481217,25.78891835449299,25.64813967565211,25.656938552856445,2900,0.0,0.0,0.0
2018-08-03 00:00:00-04:00,25.692135143733303,25.736127853393555,25.692135143733303,25.736127853393555,400,0.0,0.0,0.0
2018-08-06 00:00:00-04:00,25.736127853393555,25.736127853393555,25.736127853393555,25.736127853393555,0,0.0,0.0,0.0
2018-08-07 00:00:00-04:00,25.85051155090332,25.956096410308746,25.85051155090332,25.85051155090332,3100,0.0,0.0,0.0
2018-08-08 00:00:00-04:00,25.85051015110437,25.894504539397015,25.841712951660156,25.841712951660156,700,0.0,0.0,0.0
2018-08-09 00:00:00-04:00,25.815317153930664,25.815317153930664,25.815317153930664,25.815317153930664,800,0.0,0.0,0.0
2018-08-10 00:00:00-04:00,25.480965199706652,25.480965199706652,25.357784271240234,25.357784271240234,1900,0.0,0.0,0.0
2018-08-13 00:00:00-04:00,25.102620265125843,25.137814092294654,24.847457885742188,24.847457885742188,10000,0.0,0.0,0.0
2018-08-14 00:00:00-04:00,24.86506132158762,25.29619629178359,24.86506132158762,24.96184730529785,2100,0.0,0.0,0.0
2018-08-15 00:00:00-04:00,24.812268448856294,24.812268448856294,24.469118923512635,24.60989761352539,6300,0.0,0.0,0.0
2018-08-16 00:00:00-04:00,24.812271118164062,24.812271118164062,24.803472239314885,24.812271118164062,700,0.0,0.0,0.0
2018-08-17 00:00:00-04:00,25.014634556274093,25.137815475463867,25.00583567944423,25.137815475463867,4800,0.0,0.0,0.0
2018-08-20 00:00:00-04:00,25.25220489501953,25.25220489501953,25.25220489501953,25.25220489501953,400,0.0,0.0,0.0
2018-08-21 00:00:00-04:00,25.278597948671848,25.340188417526186,25.217007479817514,25.304994583129883,3300,0.0,0.0,0.0
2018-08-22 00:00:00-04:00,25.2961935295298,25.3665828704834,25.225804188576202,25.3665828704834,4500,0.0,0.0,0.0
2018-08-23 00:00:00-04:00,25.17301368713379,25.17301368713379,25.17301368713379,25.17301368713379,300,0.0,0.0,0.0
2018-08-24 00:00:00-04:00,25.410575032808406,25.44577054163548,25.410575032808406,25.43697166442871,500,0.0,0.0,0.0
2018-08-27 00:00:00-04:00,25.577751405283756,25.68333625793457,25.577751405283756,25.68333625793457,2000,0.0,0.0,0.0
2018-08-28 00:00:00-04:00,25.736128410437942,25.797718876581104,25.65694018876406,25.718530654907227,1600,0.0,0.0,0.0
2018-08-29 00:00:00-04:00,25.674539804940252,25.88570785196926,25.674539804940252,25.832916259765625,7000,0.0,0.0,0.0
2018-08-30 00:00:00-04:00,25.7801202984048,25.832913563312307,25.524959564208984,25.524959564208984,3500,0.0,0.0,0.0
2018-08-31 00:00:00-04:00,25.542557319178155,25.656939370049184,25.5161606867244,25.524959564208984,2000,0.0,0.0,0.0
2018-09-04 00:00:00-04:00,25.445773834833734,25.445773834833734,25.23460578918457,25.23460578918457,2300,0.0,0.0,0.0
2018-09-05 00:00:00-04:00,25.22580611907133,25.243403875210024,25.17301452886963,25.19940948486328,1500,0.0,0.0,0.0
2018-09-06 00:00:00-04:00,25.234604426186664,25.234604426186664,25.076227980950573,25.11142349243164,2600,0.0,0.0,0.0
2018-09-07 00:00:00-04:00,25.085023880004883,25.085023880004883,25.085023880004883,25.085023880004883,400,0.0,0.0,0.0
2018-09-10 00:00:00-04:00,25.322592894425334,25.322592894425334,25.208209154148005,25.23460578918457,700,0.0,0.0,0.0
2018-09-11 00:00:00-04:00,25.15541756587084,25.287397384643555,25.15541756587084,25.287397384643555,2400,0.0,0.0,0.0
2018-09-12 00:00:00-04:00,25.252202447918325,25.42817497253418,25.234604691992427,25.42817497253418,1500,0.0,0.0,0.0
2018-09-13 00:00:00-04:00,25.542560856852653,25.542560856852653,25.516164220742937,25.533761978149414,1000,0.0,0.0,0.0
2018-09-14 00:00:00-04:00,25.524960678711416,25.568953389840917,25.463370211844367,25.489765167236328,1900,0.0,0.0,0.0
2018-09-17 00:00:00-04:00,25.489765167236328,25.489765167236328,25.489765167236328,25.489765167236328,0,0.0,0.0,0.0
2018-09-18 00:00:00-04:00,25.89450594157825,25.89450594157825,25.85051155090332,25.85051155090332,1800,0.0,0.0,0.0
2018-09-19 00:00:00-04:00,25.859311454447315,26.017687910728412,25.859311454447315,25.99129295349121,6100,0.0,0.0,0.0
2018-09-20 00:00:00-04:00,26.27284542493758,26.27284542493758,26.23764991760254,26.23764991760254,2900,0.0,0.0,0.0
2018-09-21 00:00:00-04:00,26.211259844761933,26.26405143737793,26.17606433087495,26.26405143737793,3600,0.0,0.0,0.0
2018-09-24 00:00:00-04:00,26.088073163690584,26.088073163690584,26.052879333496094,26.052879333496094,900,0.0,0.0,0.0
2018-09-25 00:00:00-04:00,26.052879899509655,26.123269239642095,26.052879899509655,26.08807373046875,3200,0.0,0.0,0.0
2018-09-26 00:00:00-04:00,26.13206592858929,26.2112541393837,26.08807154580678,26.09687042236328,4100,0.0,0.0,0.0
2018-09-27 00:00:00-04:00,26.096876138868957,26.176064367009506,25.99129295349121,25.99129295349121,1600,0.0,0.0,0.0
2018-09-28 00:00:00-04:00,25.991289436670552,26.08807373046875,25.991289436670552,26.08807373046875,2000,0.0,0.0,0.0
2018-10-01 00:00:00-04:00,26.08807373046875,26.08807373046875,26.08807373046875,26.08807373046875,0,0.0,0.0,0.0
2018-10-02 00:00:00-04:00,26.070477856827857,26.308042526245117,26.070477856827857,26.308042526245117,2200,0.0,0.0,0.0
2018-10-03 00:00:00-04:00,26.378429109711693,26.519207785394425,26.35203415690505,26.501611709594727,3300,0.0,0.0,0.0
2018-10-04 00:00:00-04:00,26.37843106014381,26.37843106014381,26.16726303100586,26.16726303100586,1700,0.0,0.0,0.0
2018-10-05 00:00:00-04:00,26.228854608666776,26.228854608666776,26.07927703857422,26.07927703857422,3100,0.0,0.0,0.0
2018-10-08 00:00:00-04:00,26.079275932644798,26.16726303100586,26.079275932644798,26.16726303100586,2300,0.0,0.0,0.0
2018-10-09 00:00:00-04:00,26.096874266864813,26.096874266864813,25.929698944091797,25.929698944091797,2000,0.0,0.0,0.0
2018-10-10 00:00:00-04:00,25.612950256042975,25.612950256042975,25.41937828063965,25.41937828063965,2600,0.0,0.0,0.0
2018-10-11 00:00:00-04:00,25.067428055499665,25.23460337161968,24.847461152578592,24.917850494384766,5200,0.0,0.0,0.0
2018-10-12 00:00:00-04:00,25.313795416365622,25.313795416365622,24.91785425998709,25.032238006591797,3400,0.0,0.0,0.0
2018-10-15 00:00:00-04:00,25.164216995239258,25.164216995239258,25.164216995239258,25.164216995239258,300,0.0,0.0,0.0
2018-10-16 00:00:00-04:00,25.392981119030487,25.7009334564209,25.392981119030487,25.7009334564209,1700,0.0,0.0,0.0
2018-10-17 00:00:00-04:00,25.419374981618326,25.52495983433645,25.37538227194412,25.463369369506836,4200,0.0,0.0,0.0
2018-10-18 00:00:00-04:00,25.296196862635856,25.340189577198124,24.988242826056524,25.049833297729492,900,0.0,0.0,0.0
2018-10-19 00:00:00-04:00,25.42817388390325,25.42817388390325,25.296194076538086,25.296194076538086,1900,0.0,0.0,0.0
2018-10-22 00:00:00-04:00,25.296194076538086,25.296194076538086,25.296194076538086,25.296194076538086,0,0.0,0.0,0.0
2018-10-23 00:00:00-04:00,24.530708567263286,24.548306322477817,24.231555119687794,24.363534927368164,5800,0.0,0.0,0.0
2018-10-24 00:00:00-04:00,24.3811307556486,24.3811307556486,23.93239974975586,23.93239974975586,4600,0.0,0.0,0.0
2018-10-25 00:00:00-04:00,23.844411328902,24.081975974041672,23.844411328902,24.020383834838867,3500,0.0,0.0,0.0
2018-10-26 00:00:00-04:00,23.765223116505513,23.800416946411133,23.765223116505513,23.800416946411133,600,0.0,0.0,0.0
2018-10-29 00:00:00-04:00,24.064379853692547,24.064379853692547,23.70363426208496,23.70363426208496,1000,0.0,0.0,0.0
2018-10-30 00:00:00-04:00,23.976394653320312,23.976394653320312,23.976394653320312,23.976394653320312,300,0.0,0.0,0.0
2018-10-31 00:00:00-04:00,24.28434781294446,24.28434781294446,24.275548934936523,24.275548934936523,300,0.0,0.0,0.0
2018-11-01 00:00:00-04:00,24.47791906496115,24.96184730529785,24.47791906496115,24.96184730529785,700,0.0,0.0,0.0
2018-11-02 00:00:00-04:00,25.120223438485212,25.181815590310958,24.95304977531609,25.032238006591797,4800,0.0,0.0,0.0
2018-11-05 00:00:00-05:00,24.997043329734915,25.041036047157263,24.935452854057786,25.005842208862305,38700,0.0,0.0,0.0
2018-11-06 00:00:00-05:00,24.9882400738765,25.32259070929684,24.9882400738765,25.296194076538086,5000,0.0,0.0,0.0
2018-11-07 00:00:00-05:00,25.683336274348544,25.78891944885254,25.63054300888225,25.78891944885254,800,0.0,0.0,0.0
2018-11-08 00:00:00-05:00,25.78891944885254,25.78891944885254,25.78891944885254,25.78891944885254,100,0.0,0.0,0.0
2018-11-09 00:00:00-05:00,25.55135537940115,25.55135537940115,25.304991852355588,25.384180068969727,4900,0.0,0.0,0.0
2018-11-12 00:00:00-05:00,25.22580556122438,25.278597150258637,25.102624627406325,25.21700668334961,700,0.0,0.0,0.0
2018-11-13 00:00:00-05:00,25.243401955242742,25.44577110080275,25.10262327326932,25.146615982055664,1600,0.0,0.0,0.0
2018-11-14 00:00:00-05:00,25.032239750867443,25.032239750867443,24.680291285911444,24.759479522705078,4900,0.0,0.0,0.0
2018-11-15 00:00:00-05:00,24.785869886728666,24.829862594604492,24.68908391554477,24.829862594604492,1200,0.0,0.0,0.0
2018-11-16 00:00:00-05:00,24.829862862917583,25.093824147667622,24.829862862917583,25.041030883789062,2500,0.0,0.0,0.0
2018-11-19 00:00:00-05:00,24.98824037201873,24.98824037201873,24.706682998756552,24.741878509521484,4400,0.0,0.0,0.0
2018-11-20 00:00:00-05:00,24.257949852715207,24.328339194716065,24.090774536132812,24.090774536132812,6900,0.0,0.0,0.0
2018-11-21 00:00:00-05:00,24.47791727446932,24.548306617960396,24.46031951904297,24.46031951904297,1500,0.0,0.0,0.0
2018-11-23 00:00:00-05:00,24.25795037127844,24.3899301805746,24.134769439697266,24.134769439697266,2000,0.0,0.0,0.0
2018-11-26 00:00:00-05:00,24.416323811060366,24.574700234024746,24.416323811060366,24.548303604125977,1000,0.0,0.0,0.0
2018-11-27 00:00:00-05:00,24.5483044007734,24.821062872389167,24.495512817476772,24.583499908447266,17500,0.0,0.0,0.0
2018-11-28 00:00:00-05:00,24.557110330105637,24.759479522705078,24.504318731648098,24.759479522705078,1900,0.0,0.0,0.0
2018-11-29 00:00:00-05:00,24.741877693581532,24.873857498168945,24.741877693581532,24.873857498168945,2100,0.0,0.0,0.0
2018-11-30 00:00:00-05:00,24.768272399902344,24.768272399902344,24.768272399902344,24.768272399902344,1400,0.0,0.0,0.0
2018-12-03 00:00:00-05:00,25.604146148631116,25.604146148631116,25.480963549925946,25.516159057617188,1500,0.0,0.0,0.0
2018-12-04 00:00:00-05:00,25.26099859167002,25.26099859167002,24.803468704223633,24.803468704223633,1100,0.0,0.0,0.0
2018-12-06 00:00:00-05:00,24.513117058448373,24.759478964505785,24.152371400394625,24.724285125732422,9500,0.0,0.0,0.0
2018-12-07 00:00:00-05:00,24.469120056500437,24.74188024946727,24.196361541748047,24.196361541748047,6100,0.0,0.0,0.0
2018-12-10 00:00:00-05:00,24.14356861865215,24.14356861865215,23.668439285400584,23.906003952026367,6500,0.0,0.0,0.0
2018-12-11 00:00:00-05:00,24.09957205257278,24.178760267628164,23.800416946411133,23.800416946411133,4100,0.0,0.0,0.0
2018-12-12 00:00:00-05:00,24.15236531205926,24.26674735700751,24.020383834838867,24.020383834838867,7000,0.0,0.0,0.0
2018-12-13 00:00:00-05:00,24.108373394546046,24.108373394546046,23.949996948242188,23.949996948242188,1200,0.0,0.0,0.0
2018-12-14 00:00:00-05:00,23.68604003920981,23.78282602931904,23.68604003920981,23.71243667602539,1500,0.0,0.0,0.0
2018-12-17 00:00:00-05:00,23.598053030232414,23.598053030232414,23.193314666594816,23.272502899169922,5400,0.0,0.0,0.0
2018-12-18 00:00:00-05:00,23.570463778492467,23.677198700550562,23.36589034908299,23.410362243652344,2100,0.285,0.0,0.0
2018-12-19 00:00:00-05:00,23.499308333640556,23.855088588827446,23.161317515336528,23.250261306762695,3100,0.0,0.0,0.0
2018-12-20 00:00:00-05:00,23.10794494760091,23.23246928634624,22.716587587240618,22.841110229492188,7100,0.0,0.0,0.0
2018-12-21 00:00:00-05:00,22.832223933624405,22.956746621802182,22.636545181274414,22.636545181274414,14000,0.0,0.0,0.0
2018-12-24 00:00:00-05:00,22.583171781630714,22.6098559358792,22.120658316781654,22.147340774536133,2700,0.0,0.0,0.0
2018-12-26 00:00:00-05:00,22.57427867298254,22.8055362701416,22.04060912191685,22.8055362701416,24200,0.0,0.0,0.0
2018-12-27 00:00:00-05:00,22.44975452597113,23.01900291442871,22.44975452597113,23.01900291442871,4200,0.0,0.0,0.0
2018-12-28 00:00:00-05:00,23.187999165937313,23.187999165937313,22.992320456528525,23.01900291442871,3100,0.0,0.0,0.0
2018-12-31 00:00:00-05:00,23.125738895785304,23.15242305140293,23.072372281044146,23.116844177246094,3600,0.0,0.0,0.0
2019-01-02 00:00:00-05:00,23.019005626456426,23.232475493772395,23.010112603771294,23.054584503173828,5400,0.0,0.0,0.0
2019-01-03 00:00:00-05:00,22.965637213265836,22.965637213265836,22.76995849609375,22.76995849609375,700,0.0,0.0,0.0
2019-01-04 00:00:00-05:00,23.188005273608297,23.71278190612793,23.188005273608297,23.71278190612793,2200,0.0,0.0,0.0
2019-01-07 00:00:00-05:00,23.80172287211999,24.077452368224485,23.79282815334318,23.961824417114258,1400,0.0,0.0,0.0
2019-01-08 00:00:00-05:00,24.113034124897933,24.210872650146484,24.050772782514034,24.210872650146484,1300,0.0,0.0,0.0
2019-01-09 00:00:00-05:00,24.35318048994666,24.35318048994666,24.32649803161621,24.32649803161621,900,0.0,0.0,0.0
2019-01-10 00:00:00-05:00,24.39765507404711,24.575544357299805,24.39765507404711,24.575544357299805,1100,0.0,0.0,0.0
2019-01-11 00:00:00-05:00,24.495495438298057,24.53996733527045,24.477706000911446,24.53107261657715,900,0.0,0.0,0.0
2019-01-14 00:00:00-05:00,24.379866801324116,24.46881229544617,24.379866801324116,24.388761520385742,1700,0.0,0.0,0.0
2019-01-15 00:00:00-05:00,24.548863560183733,24.548863560183733,24.51328468322754,24.51328468322754,300,0.0,0.0,0.0
2019-01-16 00:00:00-05:00,24.495492783750294,24.557754111362108,24.495492783750294,24.53996467590332,600,0.0,0.0,0.0
2019-01-17 00:00:00-05:00,24.45102278659418,24.717859268188477,24.45102278659418,24.717859268188477,1700,0.0,0.0,0.0
2019-01-18 00:00:00-05:00,24.869063621039736,25.171477272782923,24.869063621039736,25.11811065673828,4900,0.0,0.0,0.0
2019-01-22 00:00:00-05:00,24.975799192334826,24.975799192334826,24.566652297973633,24.566652297973633,7600,0.0,0.0,0.0
2019-01-23 00:00:00-05:00,24.797907695026705,24.797907695026705,24.442127425408977,24.637807846069336,2100,0.0,0.0,0.0
2019-01-24 00:00:00-05:00,24.7356477112533,24.7356477112533,24.628914472784047,24.664491653442383,1100,0.0,0.0,0.0
2019-01-25 00:00:00-05:00,24.94911500087558,24.975799157794736,24.913537821477544,24.958009719848633,500,0.0,0.0,0.0
2019-01-28 00:00:00-05:00,24.70896248829238,24.7623291015625,24.682278333410295,24.7623291015625,3700,0.0,0.0,0.0
2019-01-29 00:00:00-05:00,24.877957545931668,24.886852264404297,24.877957545931668,24.886852264404297,400,0.0,0.0,0.0
2019-01-30 00:00:00-05:00,25.064741791631633,25.144792556762695,25.064741791631633,25.144792556762695,2100,0.0,0.0,0.0
2019-01-31 00:00:00-05:00,25.038059782833404,25.25152794263996,25.038059782833404,25.207056045532227,1100,0.0,0.0,0.0
2019-02-01 00:00:00-05:00,25.207057602444642,25.25152950229918,25.207057602444642,25.233741760253906,1200,0.0,0.0,0.0
2019-02-04 00:00:00-05:00,25.313788522224918,25.313788522224918,25.153688679515447,25.21595001220703,4900,0.0,0.0,0.0
2019-02-05 00:00:00-05:00,25.153687679359514,25.162582397460938,25.073636912940703,25.162582397460938,1900,0.0,0.0,0.0
2019-02-06 00:00:00-05:00,25.11811006037746,25.127004778922743,25.08253288269043,25.08253288269043,1200,0.0,0.0,0.0
2019-02-07 00:00:00-05:00,24.99358728980469,24.99358728980469,24.70006836500727,24.79790687561035,7500,0.0,0.0,0.0
2019-02-08 00:00:00-05:00,24.735645044579122,24.735645044579122,24.57554350764106,24.673383712768555,1900,0.0,0.0,0.0
2019-02-11 00:00:00-05:00,24.682280444431562,24.682280444431562,24.584440231323242,24.584440231323242,700,0.0,0.0,0.0
2019-02-12 00:00:00-05:00,24.797908171322035,24.975799157794736,24.780120429870106,24.958009719848633,8900,0.0,0.0,0.0
2019-02-13 00:00:00-05:00,25.1625812733433,25.1625812733433,25.020267486572266,25.020267486572266,900,0.0,0.0,0.0
2019-02-14 00:00:00-05:00,24.98469387676779,25.01137803368695,24.82459232824119,24.958009719848633,2600,0.0,0.0,0.0
2019-02-15 00:00:00-05:00,24.824590584787714,24.913536071777344,24.824590584787714,24.913536071777344,1200,0.0,0.0,0.0
2019-02-19 00:00:00-05:00,24.833479192409204,24.92242465751219,24.806795043930215,24.895740509033203,1000,0.0,0.0,0.0
2019-02-20 00:00:00-05:00,24.92243307943979,25.2426344869237,24.92243307943979,25.12700653076172,6400,0.0,0.0,0.0
2019-02-21 00:00:00-05:00,25.25152578459206,25.340471267700195,25.162581997977917,25.340471267700195,2600,0.0,0.0,0.0
2019-02-22 00:00:00-05:00,25.358264012262822,25.429420068734682,25.358264012262822,25.411630630493164,1300,0.0,0.0,0.0
2019-02-25 00:00:00-05:00,25.562832523082548,25.562832523082548,25.44720458984375,25.44720458984375,4200,0.0,0.0,0.0
2019-02-26 00:00:00-05:00,25.61620231465562,25.61620231465562,25.340472826899365,25.367156982421875,2900,0.0,0.0,0.0
2019-02-27 00:00:00-05:00,25.349371872684348,25.349371872684348,25.296005249023438,25.296005249023438,500,0.0,0.0,0.0
2019-02-28 00:00:00-05:00,25.11811065673828,25.11811065673828,25.11811065673828,25.11811065673828,100,0.0,0.0,0.0
2019-03-01 00:00:00-05:00,25.20705765836829,25.20705765836829,25.100322723388672,25.100322723388672,1800,0.0,0.0,0.0
2019-03-04 00:00:00-05:00,25.224846586140586,25.224846586140586,25.00248369788898,25.171478271484375,3100,0.0,0.0,0.0
2019-03-05 00:00:00-05:00,25.340475054722134,25.340475054722134,25.100322723388672,25.100322723388672,2200,0.0,0.0,0.0
2019-03-06 00:00:00-05:00,24.993589508937347,25.02027197033723,24.904644012451172,24.904644012451172,2500,0.0,0.0,0.0
2019-03-07 00:00:00-05:00,24.762327938271564,24.762327938271564,24.548859798725392,24.557754516601562,1100,0.0,0.0,0.0
2019-03-08 00:00:00-05:00,24.51328052271514,24.557754111362108,24.415442020679688,24.53996467590332,2100,0.0,0.0,0.0
2019-03-11 00:00:00-04:00,24.780117884714585,24.87795639038086,24.780117884714585,24.87795639038086,700,0.0,0.0,0.0
2019-03-12 00:00:00-04:00,24.93132550847408,24.93132550847408,24.913536071777344,24.913536071777344,300,0.0,0.0,0.0
2019-03-13 00:00:00-04:00,25.082531726802376,25.082531726802376,25.073637008666992,25.073637008666992,300,0.0,0.0,0.0
2019-03-14 00:00:00-04:00,24.993589401245117,25.038061301049463,24.993589401245117,24.993589401245117,1700,0.0,0.0,0.0
2019-03-15 00:00:00-04:00,25.135898339120658,25.180370233303556,25.073637008666992,25.073637008666992,2000,0.0,0.0,0.0
2019-03-18 00:00:00-04:00,25.287105813305114,25.287105813305114,25.153688430786133,25.153688430786133,800,0.0,0.0,0.0
2019-03-19 00:00:00-04:00,25.34047494646949,25.34047494646949,25.189268112182617,25.189268112182617,2100,0.0,0.0,0.0
2019-03-20 00:00:00-04:00,25.091424249012665,25.25152577927479,24.913534979327842,25.144792556762695,2500,0.0,0.0,0.0
2019-03-21 00:00:00-04:00,25.171477170650736,25.242633223919587,25.171477170650736,25.207056045532227,900,0.0,0.0,0.0
2019-03-22 00:00:00-04:00,24.70896309030766,24.70896309030766,24.60222816467285,24.60222816467285,1600,0.0,0.0,0.0
2019-03-25 00:00:00-04:00,24.637807791911342,24.717858564461135,24.531072863013573,24.593334197998047,1200,0.0,0.0,0.0
2019-03-26 00:00:00-04:00,24.70896042055164,24.70896042055164,24.54885889764514,24.611120223999023,2800,0.0,0.0,0.0
2019-03-27 00:00:00-04:00,24.620019995345558,24.735647954238804,24.620019995345558,24.72675323486328,800,0.0,0.0,0.0
2019-03-28 00:00:00-04:00,24.869065243182828,24.949116020718357,24.74454256545834,24.815698623657227,2600,0.0,0.0,0.0
2019-03-29 00:00:00-04:00,25.01137012261518,25.01137012261518,24.877951076713877,24.895740509033203,1200,0.0,0.0,0.0
2019-04-01 00:00:00-04:00,25.14479505927902,25.18037223815918,25.14479505927902,25.18037223815918,600,0.0,0.0,0.0
2019-04-02 00:00:00-04:00,25.224847096947265,25.224847096947265,25.073640262014443,25.100322723388672,900,0.0,0.0,0.0
2019-04-03 00:00:00-04:00,25.3048987641452,25.3048987641452,25.171479666604167,25.24263572692871,1300,0.0,0.0,0.0
2019-04-04 00:00:00-04:00,25.38494326452333,25.44720458984375,25.367153829719246,25.44720458984375,3600,0.0,0.0,0.0
2019-04-05 00:00:00-04:00,25.47389151288875,25.527259826660156,25.47389151288875,25.527259826660156,2400,0.0,0.0,0.0
2019-04-08 00:00:00-04:00,25.527259826660156,25.527259826660156,25.48278623185065,25.527259826660156,4600,0.0,0.0,0.0
2019-04-09 00:00:00-04:00,25.482788471737216,25.482788471737216,25.260425567626953,25.260425567626953,2200,0.0,0.0,0.0
2019-04-10 00:00:00-04:00,25.260422661360334,25.260422661360334,25.082533376435265,25.207056045532227,1800,0.0,0.0,0.0
2019-04-11 00:00:00-04:00,25.20705429147405,25.20705429147405,25.162582397460938,25.162582397460938,1100,0.0,0.0,0.0
2019-04-12 00:00:00-04:00,25.3404717681976,25.3404717681976,25.22484382541906,25.269315719604492,1600,0.0,0.0,0.0
2019-04-15 00:00:00-04:00,25.322682832446734,25.39383888244629,25.30489509231738,25.39383888244629,1900,0.0,0.0,0.0
2019-04-16 00:00:00-04:00,25.358264255224768,25.527260527149945,25.358264255224768,25.473892211914062,4800,0.0,0.0,0.0
2019-04-17 00:00:00-04:00,25.50946857781669,25.633991241455078,25.50946857781669,25.633991241455078,600,0.0,0.0,0.0
2019-04-18 00:00:00-04:00,25.50057311200208,25.66067464426936,25.473888957792862,25.642885208129883,1700,0.0,0.0,0.0
2019-04-22 00:00:00-04:00,25.553937418438835,25.79408969517311,25.47388665952741,25.625093460083008,2700,0.0,0.0,0.0
2019-04-23 00:00:00-04:00,25.509471118429865,25.71404457092285,25.509471118429865,25.71404457092285,1300,0.0,0.0,0.0
2019-04-24 00:00:00-04:00,25.47389046032055,25.562835949770204,25.420523845248397,25.429418563842773,1500,0.0,0.0,0.0
2019-04-25 00:00:00-04:00,25.224844730662127,25.260421907988427,25.21595001220703,25.21595001220703,600,0.0,0.0,0.0
2019-04-26 00:00:00-04:00,25.233738045165623,25.340471267700195,25.144792562057493,25.340471267700195,1600,0.0,0.0,0.0
2019-04-29 00:00:00-04:00,25.518365107698255,25.527259826660156,25.518365107698255,25.527259826660156,1000,0.0,0.0,0.0
2019-04-30 00:00:00-04:00,25.616199493408203,25.616199493408203,25.616199493408203,25.616199493408203,200,0.0,0.0,0.0
2019-05-01 00:00:00-04:00,25.518362045288086,25.518362045288086,25.518362045288086,25.518362045288086,500,0.0,0.0,0.0
2019-05-02 00:00:00-04:00,25.509470049394977,25.509470049394977,25.18037223815918,25.18037223815918,1300,0.0,0.0,0.0
2019-05-03 00:00:00-04:00,25.57173121839877,25.607310093541557,25.57173121839877,25.59841537475586,1100,0.0,0.0,0.0
2019-05-06 00:00:00-04:00,25.295999775994286,25.295999775994286,25.002480864623315,25.162582397460938,3000,0.0,0.0,0.0
2019-05-07 00:00:00-04:00,24.958009489349863,24.958009489349863,24.655595833035704,24.700069427490234,2200,0.0,0.0,0.0
2019-05-08 00:00:00-04:00,24.62891337285715,24.762330763232416,24.62891337285715,24.700069427490234,800,0.0,0.0,0.0
2019-05-09 00:00:00-04:00,24.45101937978725,24.45101937978725,24.23755124215125,24.36207389831543,3600,0.0,0.0,0.0
2019-05-10 00:00:00-04:00,24.531072659924742,24.851275747473004,24.370971116150614,24.771224975585938,5500,0.0,0.0,0.0
2019-05-13 00:00:00-04:00,24.42433893364149,24.42433893364149,24.01519203186035,24.01519203186035,5600,0.0,0.0,0.0
2019-05-14 00:00:00-04:00,24.166399109154607,24.26423932426472,24.07745361328125,24.07745361328125,3300,0.0,0.0,0.0
2019-05-15 00:00:00-04:00,24.077452615249385,24.15750338856781,24.024085998535156,24.024085998535156,2400,0.0,0.0,0.0
2019-05-16 00:00:00-04:00,24.255345896940568,24.370973860188663,24.201977578677457,24.23755645751953,12800,0.0,0.0,0.0
2019-05-17 00:00:00-04:00,24.03298083693305,24.18418766545387,23.73946189880371,23.73946189880371,3900,0.0,0.0,0.0
2019-05-20 00:00:00-04:00,23.721674186060483,23.748358344737913,23.54378318786621,23.54378318786621,1400,0.0,0.0,0.0
2019-05-21 00:00:00-04:00,23.792829217659715,23.792829217659715,23.686094284057617,23.686094284057617,1000,0.0,0.0,0.0
2019-05-22 00:00:00-04:00,23.828407496048506,23.828407496048506,23.63272707210706,23.650516510009766,2500,0.0,0.0,0.0
2019-05-23 00:00:00-04:00,23.25026070907192,23.259155427284696,23.187999378076515,23.214683532714844,8600,0.0,0.0,0.0
2019-05-24 00:00:00-04:00,23.365892654561275,23.42815399169922,23.250263002881496,23.42815399169922,5400,0.0,0.0,0.0
2019-05-28 00:00:00-04:00,23.508202545112155,23.508202545112155,23.3214168548584,23.3214168548584,2600,0.0,0.0,0.0
2019-05-29 00:00:00-04:00,23.232472469176372,23.312521538380636,23.232472469176372,23.285839080810547,9900,0.0,0.0,0.0
2019-05-30 00:00:00-04:00,23.437048465762658,23.437048465762658,23.356997691281006,23.36589241027832,7800,0.0,0.0,0.0
2019-05-31 00:00:00-04:00,23.31252098083496,23.31252098083496,23.31252098083496,23.31252098083496,100,0.0,0.0,0.0
2019-06-03 00:00:00-04:00,23.47262512390426,23.632726669311523,23.463730405104506,23.632726669311523,1100,0.0,0.0,0.0
2019-06-04 00:00:00-04:00,23.81061584966062,24.11302947998047,23.81061584966062,24.11302947998047,2800,0.0,0.0,0.0
2019-06-05 00:00:00-04:00,24.14861007379667,24.14861007379667,24.041876834162313,24.095243453979492,2000,0.0,0.0,0.0
2019-06-06 00:00:00-04:00,24.050767651929633,24.184185028076172,24.050767651929633,24.184185028076172,20600,0.0,0.0,0.0
2019-06-07 00:00:00-04:00,24.237555545157058,24.290922164916992,24.237555545157058,24.290922164916992,1100,0.0,0.0,0.0
2019-06-10 00:00:00-04:00,24.299813876791717,24.406548799595644,24.299813876791717,24.32649803161621,2300,0.0,0.0,0.0
2019-06-11 00:00:00-04:00,24.4599178209572,24.4599178209572,24.362077606795225,24.45102310180664,10200,0.0,0.0,0.0
2019-06-12 00:00:00-04:00,24.442125473677695,24.442125473677695,24.397653579711914,24.397653579711914,1000,0.0,0.0,0.0
2019-06-13 00:00:00-04:00,24.495494842529297,24.495494842529297,24.495494842529297,24.495494842529297,900,0.0,0.0,0.0
2019-06-14 00:00:00-04:00,24.424339346020687,24.4954971003954,24.424339346020687,24.468812942504883,1900,0.0,0.0,0.0
2019-06-17 00:00:00-04:00,24.59366202805137,24.611627130817,24.5577335357666,24.5577335357666,1500,0.269,0.0,0.0
2019-06-18 00:00:00-04:00,24.872117404493284,25.024817360246455,24.872117404493284,25.01583480834961,1600,0.0,0.0,0.0
2019-06-19 00:00:00-04:00,25.02481886201023,25.141588617183483,25.006853757138433,25.078712463378906,1200,0.0,0.0,0.0
2019-06-20 00:00:00-04:00,25.18650312175067,25.276325225830078,25.18650312175067,25.276325225830078,3200,0.0,0.0,0.0
2019-06-21 00:00:00-04:00,25.294289483297923,25.303272036053855,25.285306930541992,25.285306930541992,2400,0.0,0.0,0.0
2019-06-24 00:00:00-04:00,25.29428715373558,25.40207606363282,25.29428715373558,25.330217361450195,3700,0.0,0.0,0.0
2019-06-25 00:00:00-04:00,25.294293927088102,25.339204985511135,25.240400314331055,25.240400314331055,5300,0.0,0.0,0.0
2019-06-26 00:00:00-04:00,25.231411635981846,25.411059252565103,25.231411635981846,25.30327033996582,5400,0.0,0.0,0.0
2019-06-27 00:00:00-04:00,25.366147588128108,25.482919057928115,25.366147588128108,25.42902374267578,1700,0.0,0.0,0.0
2019-06-28 00:00:00-04:00,25.52782861975563,25.52782861975563,25.446987364834875,25.46495246887207,2500,0.0,0.0,0.0
2019-07-01 00:00:00-04:00,25.63561735841477,25.68052840495925,25.41105869919914,25.563756942749023,8600,0.0,0.0,0.0
2019-07-02 00:00:00-04:00,25.554778630574656,25.554778630574656,25.438007156819523,25.518848419189453,4000,0.0,0.0,0.0
2019-07-03 00:00:00-04:00,25.57274057357291,25.671546936035156,25.57274057357291,25.671546936035156,1000,0.0,0.0,0.0
2019-07-05 00:00:00-04:00,25.617653740833877,25.62663629331326,25.491899719369187,25.608671188354492,3600,0.0,0.0,0.0
2019-07-08 00:00:00-04:00,25.420038650233348,25.455968856811523,25.393092708546263,25.455968856811523,3000,0.0,0.0,0.0
2019-07-09 00:00:00-04:00,25.34818051462669,25.34818051462669,25.159552065631647,25.21344566345215,1900,0.0,0.0,0.0
2019-07-10 00:00:00-04:00,25.159550509324742,25.177515611902496,25.033798217773438,25.033798217773438,3000,0.0,0.0,0.0
2019-07-11 00:00:00-04:00,24.926010790261213,24.99786949157715,24.926010790261213,24.99786949157715,1400,0.0,0.0,0.0
2019-07-12 00:00:00-04:00,25.114642697292233,25.276325225830078,25.114642697292233,25.276325225830078,1100,0.0,0.0,0.0
2019-07-15 00:00:00-04:00,25.32123440808746,25.39309310913086,25.32123440808746,25.39309310913086,1900,0.0,0.0,0.0
2019-07-16 00:00:00-04:00,25.29428992219856,25.393096290981507,25.29428992219856,25.339200973510742,1600,0.0,0.0,0.0
2019-07-17 00:00:00-04:00,25.267339878755017,25.267339878755017,25.168535232543945,25.168535232543945,3700,0.0,0.0,0.0
2019-07-18 00:00:00-04:00,25.08769505113919,25.204464806476864,25.08769505113919,25.19548225402832,1300,0.0,0.0,0.0
2019-07-19 00:00:00-04:00,25.348183086586754,25.348183086586754,25.285306930541992,25.285306930541992,200,0.0,0.0,0.0
2019-07-22 00:00:00-04:00,25.3122501373291,25.3122501373291,25.3122501373291,25.3122501373291,1000,0.0,0.0,0.0
2019-07-23 00:00:00-04:00,25.31225461693436,25.482919692993164,25.31225461693436,25.482919692993164,3400,0.0,0.0,0.0
2019-07-24 00:00:00-04:00,25.438006929163603,25.482919692993164,25.438006929163603,25.482919692993164,300,0.0,0.0,0.0
2019-07-25 00:00:00-04:00,25.446989453655238,25.446989453655238,25.285306930541992,25.285306930541992,1100,0.0,0.0,0.0
2019-07-26 00:00:00-04:00,25.222429735639103,25.37512969970703,25.222429735639103,25.37512969970703,600,0.0,0.0,0.0
2019-07-29 00:00:00-04:00,25.36614373114006,25.36614373114006,25.3122501373291,25.3122501373291,300,0.0,0.0,0.0
2019-07-30 00:00:00-04:00,25.357166946582513,25.545797137688016,25.357166946582513,25.52783203125,1500,0.0,0.0,0.0
2019-07-31 00:00:00-04:00,25.644598369504152,25.671546025559945,25.46495246887207,25.46495246887207,1100,0.0,0.0,0.0
2019-08-01 00:00:00-04:00,25.725440227572236,25.725440227572236,25.32123565673828,25.32123565673828,1200,0.0,0.0,0.0
2019-08-02 00:00:00-04:00,25.00685016723665,25.105656516600494,25.00685016723665,25.0966739654541,1200,0.0,0.0,0.0
2019-08-05 00:00:00-04:00,24.56671745997343,24.56671745997343,24.072687385790434,24.1894588470459,6400,0.0,0.0,0.0
2019-08-06 00:00:00-04:00,24.171493766901886,24.288265228271484,24.027776363098223,24.288265228271484,2300,0.0,0.0,0.0
2019-08-07 00:00:00-04:00,24.153532047792602,24.351144790649414,24.14454949464031,24.351144790649414,2600,0.0,0.0,0.0
2019-08-08 00:00:00-04:00,24.55773760420722,24.791278839111328,24.55773760420722,24.791278839111328,3900,0.0,0.0,0.0
2019-08-09 00:00:00-04:00,24.76432795791368,24.76432795791368,24.56671696020847,24.647558212280273,1200,0.0,0.0,0.0
2019-08-12 00:00:00-04:00,24.32419319849358,24.32419319849358,23.937952041625977,23.937952041625977,1100,0.0,0.0,0.0
2019-08-13 00:00:00-04:00,24.189463068485786,24.189463068485786,24.027780532836914,24.027780532836914,900,0.0,0.0,0.0
2019-08-14 00:00:00-04:00,23.76729260803552,23.76729260803552,23.291229248046875,23.291229248046875,1200,0.0,0.0,0.0
2019-08-15 00:00:00-04:00,23.416978183261854,23.416978183261854,23.34511947631836,23.34511947631836,1300,0.0,0.0,0.0
2019-08-16 00:00:00-04:00,23.848129272460938,23.848129272460938,23.848129272460938,23.848129272460938,0,0.0,0.0,0.0
2019-08-19 00:00:00-04:00,24.216409015596003,24.216409015596003,24.009815425932175,24.027780532836914,3000,0.0,0.0,0.0
2019-08-20 00:00:00-04:00,23.964902437956997,23.964902437956997,23.911008834838867,23.911008834838867,25500,0.0,0.0,0.0
2019-08-21 00:00:00-04:00,24.13556628696518,24.13556628696518,24.09963607788086,24.09963607788086,300,0.0,0.0,0.0
2019-08-22 00:00:00-04:00,24.036759713395462,24.126583522067982,24.036759713395462,24.0816707611084,1400,0.0,0.0,0.0
2019-08-23 00:00:00-04:00,23.55171325805939,23.55171325805939,23.36308479309082,23.36308479309082,300,0.0,0.0,0.0
2019-08-26 00:00:00-04:00,23.596622467041016,23.596622467041016,23.596622467041016,23.596622467041016,100,0.0,0.0,0.0
2019-08-27 00:00:00-04:00,23.74034220456147,23.74034220456147,23.551712036132812,23.551712036132812,1000,0.0,0.0,0.0
2019-08-28 00:00:00-04:00,23.686447143554688,23.70441053347801,23.668482040384827,23.686447143554688,800,0.0,0.0,0.0
2019-08-29 00:00:00-04:00,24.04574435213286,24.04574435213286,23.982868194580078,23.982868194580078,900,0.0,0.0,0.0
2019-08-30 00:00:00-04:00,24.162515408128677,24.171497961581046,24.009815425932175,24.027780532836914,1400,0.0,0.0,0.0
2019-09-03 00:00:00-04:00,23.740345001220703,23.740345001220703,23.740345001220703,23.740345001220703,100,0.0,0.0,0.0
2019-09-04 00:00:00-04:00,23.991850319027435,24.027780532836914,23.991850319027435,24.027780532836914,1100,0.0,0.0,0.0
2019-09-05 00:00:00-04:00,24.36012736016175,24.41402096586488,24.36012736016175,24.369108200073242,700,0.0,0.0,0.0
2019-09-06 00:00:00-04:00,24.423002243041992,24.423002243041992,24.423002243041992,24.423002243041992,100,0.0,0.0,0.0
2019-09-09 00:00:00-04:00,24.48587735528816,24.51282501220703,24.48587735528816,24.51282501220703,2100,0.0,0.0,0.0
2019-09-10 00:00:00-04:00,24.54875609116584,24.764332229459384,24.54875609116584,24.70145606994629,2500,0.0,0.0,0.0
2019-09-11 00:00:00-04:00,24.89008079504038,25.01583480834961,24.89008079504038,25.01583480834961,1000,0.0,0.0,0.0
2019-09-12 00:00:00-04:00,25.14158840459926,25.14158840459926,25.060747146606445,25.060747146606445,700,0.0,0.0,0.0
2019-09-13 00:00:00-04:00,25.087700317146872,25.285311372754084,25.087700317146872,25.240400314331055,6300,0.0,0.0,0.0
2019-09-16 00:00:00-04:00,25.240396077393573,25.240396077393573,25.168537368030933,25.204465866088867,900,0.0,0.0,0.0
2019-09-17 00:00:00-04:00,25.08769586414627,25.08769586414627,25.069730758666992,25.069730758666992,400,0.0,0.0,0.0
2019-09-18 00:00:00-04:00,25.024818438512884,25.042781829833984,25.006853333945116,25.042781829833984,1300,0.0,0.0,0.0
2019-09-19 00:00:00-04:00,25.033798187358965,25.033798187358965,24.93499183654785,24.93499183654785,400,0.0,0.0,0.0
2019-09-20 00:00:00-04:00,24.890080747689897,24.979904553240868,24.818222045898438,24.818222045898438,3300,0.0,0.0,0.0
2019-09-23 00:00:00-04:00,24.76432885024348,24.76432885024348,24.755346298217773,24.755346298217773,400,0.0,0.0,0.0
2019-09-24 00:00:00-04:00,24.74636730139344,24.74636730139344,24.50384521484375,24.50384521484375,2400,0.0,0.0,0.0
2019-09-25 00:00:00-04:00,24.51282693620365,24.530790328979492,24.51282693620365,24.530790328979492,100,0.0,0.0,0.0
2019-09-26 00:00:00-04:00,24.44096289814598,24.45892800151222,24.44096289814598,24.4499454498291,3200,0.0,0.0,0.0
2019-09-27 00:00:00-04:00,24.530786701730626,24.530786701730626,24.44096289814598,24.4499454498291,1300,0.0,0.0,0.0
2019-09-30 00:00:00-04:00,24.63857673863101,24.67450523376465,24.63857673863101,24.67450523376465,300,0.0,0.0,0.0
2019-10-01 00:00:00-04:00,24.656544761399203,24.656544761399203,24.369108200073242,24.369108200073242,1700,0.0,0.0,0.0
2019-10-02 00:00:00-04:00,24.054726905104232,24.153531561295694,23.92897287675186,23.982868194580078,3700,0.0,0.0,0.0
2019-10-03 00:00:00-04:00,23.99184629747379,24.009811401367188,23.98286545877369,24.009811401367188,2200,0.0,0.0,0.0
2019-10-04 00:00:00-04:00,24.09963863243174,24.171497344970703,24.09963863243174,24.171497344970703,800,0.0,0.0,0.0
2019-10-07 00:00:00-04:00,24.2074275487962,24.2074275487962,24.072690963745117,24.072690963745117,700,0.0,0.0,0.0
2019-10-08 00:00:00-04:00,23.98286646150463,23.98286646150463,23.803218841552734,23.803218841552734,2700,0.0,0.0,0.0
2019-10-09 00:00:00-04:00,23.884058045650463,24.00082778930664,23.884058045650463,24.00082778930664,1900,0.0,0.0,0.0
2019-10-10 00:00:00-04:00,23.99184970699987,24.252338610732895,23.99184970699987,24.171497344970703,1300,0.0,0.0,0.0
2019-10-11 00:00:00-04:00,24.32419197596903,24.800256912663325,24.32419197596903,24.71941566467285,3400,0.0,0.0,0.0
2019-10-14 00:00:00-04:00,24.6206149814605,24.656545194725265,24.50384521484375,24.50384521484375,1700,0.0,0.0,0.0
2019-10-15 00:00:00-04:00,24.620614803930355,24.737386282951974,24.620614803930355,24.70145606994629,700,0.0,0.0,0.0
2019-10-16 00:00:00-04:00,24.746363937278566,24.755346489373636,24.67450523376465,24.67450523376465,600,0.0,0.0,0.0
2019-10-17 00:00:00-04:00,24.746367122956542,24.791279889213648,24.692473516694868,24.70145606994629,3500,0.0,0.0,0.0
2019-10-18 00:00:00-04:00,24.791279889213648,24.791279889213648,24.620614803930355,24.70145606994629,700,0.0,0.0,0.0
2019-10-21 00:00:00-04:00,24.773311614990234,24.773311614990234,24.773311614990234,24.773311614990234,0,0.0,0.0,0.0
2019-10-22 00:00:00-04:00,24.728401413884196,24.791277567508935,24.728401413884196,24.76432991027832,1800,0.0,0.0,0.0
2019-10-23 00:00:00-04:00,24.674503540231374,24.692468643188477,24.620609944606578,24.692468643188477,9400,0.0,0.0,0.0
2019-10-24 00:00:00-04:00,24.836188598228965,24.836188598228965,24.647560137492096,24.665523529052734,5600,0.0,0.0,0.0
2019-10-25 00:00:00-04:00,24.719417613725746,24.8361873626709,24.719417613725746,24.8361873626709,1400,0.0,0.0,0.0
2019-10-28 00:00:00-04:00,24.988885665468654,25.051761811757956,24.97092056274414,24.97092056274414,700,0.0,0.0,0.0
2019-10-29 00:00:00-04:00,25.033801202773294,25.060747146606445,24.908047182980756,25.060747146606445,900,0.0,0.0,0.0
2019-10-30 00:00:00-04:00,24.9619403651588,25.024816513061523,24.926010158787797,25.024816513061523,2200,0.0,0.0,0.0
2019-10-31 00:00:00-04:00,24.94397946355773,24.94397946355773,24.746366721724225,24.86313819885254,1200,0.0,0.0,0.0
2019-11-01 00:00:00-04:00,25.19548225402832,25.19548225402832,25.19548225402832,25.19548225402832,0,0.0,0.0,0.0
2019-11-04 00:00:00-05:00,25.46495289145353,25.46495289145353,25.420040130615234,25.420040130615234,500,0.0,0.0,0.0
2019-11-05 00:00:00-05:00,25.420041644715212,25.608671824978185,25.420041644715212,25.581724166870117,1300,0.0,0.0,0.0
2019-11-06 00:00:00-05:00,25.4200394962691,25.44698715209961,25.4200394962691,25.44698715209961,400,0.0,0.0,0.0
2019-11-07 00:00:00-05:00,25.48291866921497,25.671547129980674,25.48291866921497,25.59070587158203,6000,0.0,0.0,0.0
2019-11-08 00:00:00-05:00,25.40207741081633,25.59070587158203,25.40207741081633,25.59070587158203,700,0.0,0.0,0.0
2019-11-11 00:00:00-05:00,25.50088227184857,25.608671188354492,25.50088227184857,25.608671188354492,900,0.0,0.0,0.0
2019-11-12 00:00:00-05:00,25.57274202302048,25.57274202302048,25.518848419189453,25.518848419189453,300,0.0,0.0,0.0
2019-11-13 00:00:00-05:00,25.375126282316295,25.375126282316295,25.303267586152867,25.3122501373291,900,0.0,0.0,0.0
2019-11-14 00:00:00-05:00,25.26734161376953,25.26734161376953,25.26734161376953,25.26734161376953,100,0.0,0.0,0.0
2019-11-15 00:00:00-05:00,25.312251170345753,25.321233721888575,25.222427368164062,25.222427368164062,600,0.0,0.0,0.0
2019-11-18 00:00:00-05:00,25.159554360614315,25.159554360614315,25.05176544189453,25.05176544189453,700,0.0,0.0,0.0
2019-11-19 00:00:00-05:00,25.006853757138433,25.087695015814802,25.006853757138433,25.078712463378906,800,0.0,0.0,0.0
2019-11-20 00:00:00-05:00,25.006851570598414,25.006851570598414,24.79127547072646,24.845169067382812,1000,0.0,0.0,0.0
2019-11-21 00:00:00-05:00,24.952959060668945,24.952959060668945,24.952959060668945,24.952959060668945,0,0.0,0.0,0.0
2019-11-22 00:00:00-05:00,24.97092056274414,24.979903114106396,24.97092056274414,24.97092056274414,1300,0.0,0.0,0.0
2019-11-25 00:00:00-05:00,25.123622472223797,25.168535232543945,25.123622472223797,25.168535232543945,400,0.0,0.0,0.0
2019-11-26 00:00:00-05:00,25.132606506347656,25.132606506347656,25.132606506347656,25.132606506347656,0,0.0,0.0,0.0
2019-11-27 00:00:00-05:00,25.024816513061523,25.024816513061523,25.024816513061523,25.024816513061523,200,0.0,0.0,0.0
2019-11-29 00:00:00-05:00,25.015832869737046,25.015832869737046,24.91702651977539,24.91702651977539,500,0.0,0.0,0.0
2019-12-02 00:00:00-05:00,24.881100526977654,24.881100526977654,24.773311614990234,24.773311614990234,1700,0.0,0.0,0.0
2019-12-03 00:00:00-05:00,24.49485844690859,24.56671714782715,24.49485844690859,24.56671714782715,500,0.0,0.0,0.0
2019-12-04 00:00:00-05:00,24.836187766463464,24.836187766463464,24.773311614990234,24.773311614990234,1600,0.0,0.0,0.0
2019-12-05 00:00:00-05:00,24.74636480545791,24.76432991027832,24.74636480545791,24.76432991027832,200,0.0,0.0,0.0
2019-12-06 00:00:00-05:00,25.033798217773438,25.033798217773438,25.033798217773438,25.033798217773438,300,0.0,0.0,0.0
2019-12-09 00:00:00-05:00,25.087695015814802,25.087695015814802,25.06972991094301,25.078712463378906,1300,0.0,0.0,0.0
2019-12-10 00:00:00-05:00,24.979903755097766,25.024816513061523,24.979903755097766,25.024816513061523,1200,0.0,0.0,0.0
2019-12-11 00:00:00-05:00,25.096675258910768,25.141586303710938,25.096675258910768,25.141586303710938,500,0.0,0.0,0.0
2019-12-12 00:00:00-05:00,25.1415880763661,25.50088159983975,25.1415880763661,25.438005447387695,2500,0.0,0.0,0.0
2019-12-13 00:00:00-05:00,25.545795866276734,25.725441781975427,25.500883102416992,25.500883102416992,5800,0.0,0.0,0.0
2019-12-16 00:00:00-05:00,25.75745971743818,25.8390568774979,25.75745971743818,25.775592803955078,900,0.263,0.0,0.0
2019-12-17 00:00:00-05:00,25.70306203350009,25.784659193072017,25.70306203350009,25.73932647705078,3600,0.0,0.0,0.0
2019-12-18 00:00:00-05:00,25.58519870111117,25.73932647705078,25.54893425756048,25.73932647705078,3500,0.0,0.0,0.0
2019-12-19 00:00:00-05:00,25.73932647705078,25.73932647705078,25.73932647705078,25.73932647705078,100,0.0,0.0,0.0
2019-12-20 00:00:00-05:00,25.739327016098486,26.002251586729084,25.739327016098486,25.99318504333496,1300,0.0,0.0,0.0
2019-12-23 00:00:00-05:00,25.97504836214185,26.101978222828812,25.97504836214185,26.083845138549805,1600,0.0,0.0,0.0
2019-12-24 00:00:00-05:00,26.092912652862793,26.147310178460472,26.092912652862793,26.12917709350586,1400,0.0,0.0,0.0
2019-12-26 00:00:00-05:00,26.192642367239785,26.22890853881836,26.165444467822095,26.22890853881836,1300,0.0,0.0,0.0
2019-12-27 00:00:00-05:00,26.28330805467408,26.29237459825441,26.24704360961914,26.24704360961914,2700,0.0,0.0,0.0
2019-12-30 00:00:00-05:00,26.165445096076375,26.237975711708806,26.111045837402344,26.111045837402344,3100,0.0,0.0,0.0
2019-12-31 00:00:00-05:00,26.237977066038813,26.24704360961914,26.165446446662557,26.24704360961914,1700,0.0,0.0,0.0
2020-01-02 00:00:00-05:00,26.29237295132022,26.39210319519043,26.29237295132022,26.39210319519043,800,0.0,0.0,0.0
2020-01-03 00:00:00-05:00,26.201710687989838,26.201710687989838,26.15637969970703,26.15637969970703,400,0.0,0.0,0.0
2020-01-06 00:00:00-05:00,25.9841178458531,26.14731216430664,25.9841178458531,26.14731216430664,1100,0.0,0.0,0.0
2020-01-07 00:00:00-05:00,26.147309204260235,26.147309204260235,26.083845138549805,26.083845138549805,500,0.0,0.0,0.0
2020-01-08 00:00:00-05:00,26.01131866432972,26.2561084239331,26.01131866432972,26.24704360961914,800,0.0,0.0,0.0
2020-01-09 00:00:00-05:00,26.183580621581367,26.28331088242833,26.183580621581367,26.237979888916016,1600,0.0,0.0,0.0
2020-01-10 00:00:00-05:00,26.237976579466142,26.237976579466142,26.047582626342773,26.047582626342773,700,0.0,0.0,0.0
2020-01-13 00:00:00-05:00,26.14731242366593,26.292373657226562,26.129179337154273,26.292373657226562,2000,0.0,0.0,0.0
2020-01-14 00:00:00-05:00,26.310505828218663,26.33770372777344,26.30143928527832,26.30143928527832,2100,0.0,0.0,0.0
2020-01-15 00:00:00-05:00,26.2470442979376,26.292375287761658,26.183578491210938,26.183578491210938,5400,0.0,0.0,0.0
2020-01-16 00:00:00-05:00,26.183576867422932,26.292373657226562,26.183576867422932,26.292373657226562,4300,0.0,0.0,0.0
2020-01-17 00:00:00-05:00,26.292373657226562,26.337704644239395,26.283307113970736,26.292373657226562,1500,0.0,0.0,0.0
2020-01-21 00:00:00-05:00,25.99318575617514,26.029450201479822,25.893455505371094,25.893455505371094,700,0.0,0.0,0.0
2020-01-22 00:00:00-05:00,25.83905669376194,25.83905669376194,25.648664474487305,25.648664474487305,800,0.0,0.0,0.0
2020-01-23 00:00:00-05:00,25.467337069140353,25.666795831608965,25.467337069140353,25.648664474487305,900,0.0,0.0,0.0
2020-01-24 00:00:00-05:00,25.49453791377231,25.49453791377231,25.35854148864746,25.35854148864746,200,0.0,0.0,0.0
2020-01-27 00:00:00-05:00,24.92335769715095,24.92335769715095,24.73296546936035,24.73296546936035,1800,0.0,0.0,0.0
2020-01-28 00:00:00-05:00,24.76922803636919,24.823625564575195,24.696697422339103,24.823625564575195,1800,0.0,0.0,0.0
2020-01-29 00:00:00-05:00,24.841757678253614,24.841757678253614,24.77829360961914,24.77829360961914,1400,0.0,0.0,0.0
2020-01-30 00:00:00-05:00,24.714829753266756,24.86895751953125,24.714829753266756,24.86895751953125,2600,0.0,0.0,0.0
2020-01-31 00:00:00-05:00,24.660434364713808,24.660434364713808,24.533504486083984,24.533504486083984,2300,0.0,0.0,0.0
2020-02-03 00:00:00-05:00,24.660433576252064,24.660433576252064,24.58790296046817,24.615100860595703,2800,0.0,0.0,0.0
2020-02-04 00:00:00-05:00,24.859892336997913,25.16814788639178,24.859892336997913,25.131881713867188,3300,0.0,0.0,0.0
2020-02-05 00:00:00-05:00,25.267876138360492,25.539865493774414,25.267876138360492,25.539865493774414,3100,0.0,0.0,0.0
2020-02-06 00:00:00-05:00,25.70306001435645,25.70306001435645,25.630529403686523,25.630529403686523,800,0.0,0.0,0.0
2020-02-07 00:00:00-05:00,25.38574122159023,25.38574122159023,25.340410232543945,25.340410232543945,200,0.0,0.0,0.0
2020-02-10 00:00:00-05:00,25.376670837402344,25.394803921983137,25.376670837402344,25.376670837402344,800,0.0,0.0,0.0
2020-02-11 00:00:00-05:00,25.712127474524536,25.721194017340135,25.621463775634766,25.621463775634766,1700,0.0,0.0,0.0
2020-02-12 00:00:00-05:00,25.820923790981006,25.820923790981006,25.775592803955078,25.775592803955078,900,0.0,0.0,0.0
2020-02-13 00:00:00-05:00,25.567066192626953,25.567066192626953,25.567066192626953,25.567066192626953,100,0.0,0.0,0.0
2020-02-14 00:00:00-05:00,25.458272734586885,25.458272734586885,25.36760902404785,25.36760902404785,600,0.0,0.0,0.0
2020-02-18 00:00:00-05:00,25.304141787603506,25.304141787603506,25.150014017701555,25.213478088378906,2500,0.0,0.0,0.0
2020-02-19 00:00:00-05:00,25.313209456744243,25.313209456744243,25.295076370239258,25.295076370239258,700,0.0,0.0,0.0
2020-02-20 00:00:00-05:00,25.40387512431699,25.40387512431699,25.349475860595703,25.349475860595703,200,0.0,0.0,0.0
2020-02-21 00:00:00-05:00,25.567065902312617,25.630529971897484,25.458269119262695,25.458269119262695,2400,0.0,0.0,0.0
2020-02-24 00:00:00-05:00,24.72389793395996,24.83269299425702,24.66043386057563,24.72389793395996,4100,0.0,0.0,0.0
2020-02-25 00:00:00-05:00,24.832691605010705,24.832691605010705,24.07111930847168,24.07111930847168,2400,0.0,0.0,0.0
2020-02-26 00:00:00-05:00,24.306845179343963,24.406575423980684,24.025789260864258,24.025789260864258,2600,0.0,0.0,0.0
2020-02-27 00:00:00-05:00,23.781001322996552,23.853531949176315,23.34581756591797,23.34581756591797,9700,0.0,0.0,0.0
2020-02-28 00:00:00-05:00,22.674902681253556,23.001291275024414,22.620505158713765,23.001291275024414,4500,0.0,0.0,0.0
2020-03-02 00:00:00-05:00,23.218885229054855,23.645002365112305,23.05569091716632,23.645002365112305,2400,0.0,0.0,0.0
2020-03-03 00:00:00-05:00,23.871663947205843,24.06205791301912,23.31861686706543,23.31861686706543,4100,0.0,0.0,0.0
2020-03-04 00:00:00-05:00,23.654067570060235,23.89885902404785,23.59967004559614,23.89885902404785,4700,0.0,0.0,0.0
2020-03-05 00:00:00-05:00,23.445550510140812,23.445550510140812,23.200758970278073,23.20982551574707,50900,0.0,0.0,0.0
2020-03-06 00:00:00-05:00,22.865297549691533,22.919696807861328,22.665838790867753,22.919696807861328,25500,0.0,0.0,0.0
2020-03-09 00:00:00-04:00,22.23972118821772,22.23972118821772,21.106429271906986,21.188026428222656,9000,0.0,0.0,0.0
2020-03-10 00:00:00-04:00,22.06746276961282,22.06746276961282,21.324023467098957,22.03119659423828,24800,0.0,0.0,0.0
2020-03-11 00:00:00-04:00,21.505347175519645,21.505347175519645,20.72564349870874,20.888837814331055,8200,0.0,0.0,0.0
2020-03-12 00:00:00-04:00,18.94863921984787,19.28409436538091,18.4499915019306,18.59505271911621,19800,0.0,0.0,0.0
2020-03-13 00:00:00-04:00,19.456356304499618,20.181664224987582,18.749183200375153,20.081933975219727,21600,0.0,0.0,0.0
2020-03-16 00:00:00-04:00,18.13267366743967,18.640388045933356,17.869749069213867,17.869749069213867,7000,0.0,0.0,0.0
2020-03-17 00:00:00-04:00,18.096404925154786,18.703849476088248,17.996676410020164,18.504390716552734,12600,0.0,0.0,0.0
2020-03-18 00:00:00-04:00,17.751883884027162,17.94227781849437,16.663922990898968,16.94498062133789,9600,0.0,0.0,0.0
2020-03-19 00:00:00-04:00,17.06284479543802,18.005744609280033,16.7727223078763,17.84255027770996,8900,0.0,0.0,0.0
2020-03-20 00:00:00-04:00,18.060142239773192,18.132672862050736,17.352967375617293,17.38016700744629,10900,0.0,0.0,0.0
2020-03-23 00:00:00-04:00,17.026583490777035,17.33483912300559,16.818056401257657,16.981250762939453,8300,0.0,0.0,0.0
2020-03-24 00:00:00-04:00,18.06920661387467,18.323062896728516,17.84254823031732,18.323062896728516,4500,0.0,0.0,0.0
2020-03-25 00:00:00-04:00,18.13267072126932,19.392890783032342,18.13267072126932,18.803579330444336,14100,0.0,0.0,0.0
2020-03-26 00:00:00-04:00,19.193433113430647,19.945938921762863,19.12090249561307,19.82807731628418,17200,0.0,0.0,0.0
2020-03-27 00:00:00-04:00,19.11183540253361,19.374759965351554,19.030238243677445,19.09370231628418,9200,0.0,0.0,0.0
2020-03-30 00:00:00-04:00,19.084636174188514,19.791810989379883,18.966774569623112,19.791810989379883,8100,0.0,0.0,0.0
2020-03-31 00:00:00-04:00,19.927806091692702,20.172597578455186,19.8643420164431,19.9731388092041,11500,0.0,0.0,0.0
2020-04-01 00:00:00-04:00,19.32036191474724,19.474489698972807,19.19343376159668,19.19343376159668,5000,0.0,0.0,0.0
2020-04-02 00:00:00-04:00,19.23876071980282,19.692077433807025,19.184363198316802,19.565149307250977,10400,0.0,0.0,0.0
2020-04-03 00:00:00-04:00,19.148099046126582,19.211563110351562,19.084633252635545,19.211563110351562,2900,0.0,0.0,0.0
2020-04-06 00:00:00-04:00,19.855271695869494,20.435518264770508,19.855271695869494,20.435518264770508,4500,0.0,0.0,0.0
2020-04-07 00:00:00-04:00,20.934169892374204,21.215225823240267,20.52618408203125,20.52618408203125,4200,0.0,0.0,0.0
2020-04-08 00:00:00-04:00,20.79817515242652,20.952302932739258,20.571516753688158,20.952302932739258,5800,0.0,0.0,0.0
2020-04-09 00:00:00-04:00,20.970434019721775,21.39655291058026,20.970434019721775,21.32402229309082,9100,0.0,0.0,0.0
2020-04-13 00:00:00-04:00,21.351221119497794,21.351221119497794,20.5715173800004,20.834440231323242,10200,0.0,0.0,0.0
2020-04-14 00:00:00-04:00,21.215225698500642,21.215225698500642,20.86163915112664,20.93416976928711,13600,0.0,0.0,0.0
2020-04-15 00:00:00-04:00,20.634981492344913,20.634981492344913,20.14539850527552,20.317659378051758,2300,0.0,0.0,0.0
2020-04-16 00:00:00-04:00,20.408322831975678,20.408322831975678,20.018470101782643,20.172597885131836,3800,0.0,0.0,0.0
2020-04-17 00:00:00-04:00,20.752840277357848,20.807239532470703,20.63497868314567,20.807239532470703,2300,0.0,0.0,0.0
2020-04-20 00:00:00-04:00,20.70751149313175,20.84350618682395,20.52618408203125,20.52618408203125,3900,0.0,0.0,0.0
2020-04-21 00:00:00-04:00,20.109136316035944,20.145400765851313,19.91874233438881,20.00033950805664,3000,0.0,0.0,0.0
2020-04-22 00:00:00-04:00,20.24512698832128,20.390188217163086,20.24512698832128,20.390188217163086,4300,0.0,0.0,0.0
2020-04-23 00:00:00-04:00,20.698441325025737,20.698441325025737,20.616844177246094,20.616844177246094,1000,0.0,0.0,0.0
2020-04-24 00:00:00-04:00,20.852572297642784,20.852572297642784,20.444586495764987,20.734710693359375,7900,0.0,0.0,0.0
2020-04-27 00:00:00-04:00,20.961371505439864,21.02483558654785,20.807243710206244,21.02483558654785,7900,0.0,0.0,0.0
2020-04-28 00:00:00-04:00,21.487218260441846,21.487218260441846,21.215227127075195,21.215227127075195,1400,0.0,0.0,0.0
2020-04-29 00:00:00-04:00,21.532545518734302,21.786403520017302,21.49627934886552,21.7138729095459,3000,0.0,0.0,0.0
2020-04-30 00:00:00-04:00,21.41468768576608,21.41468768576608,21.233360263112086,21.269624710083008,6100,0.0,0.0,0.0
2020-05-01 00:00:00-04:00,20.634981104617818,20.634981104617818,20.580583572387695,20.580583572387695,1100,0.0,0.0,0.0
2020-05-04 00:00:00-04:00,20.381119827113842,20.48991660351835,20.281391322114647,20.444583892822266,3500,0.0,0.0,0.0
2020-05-05 00:00:00-04:00,20.879770905294034,20.961368061674772,20.73470967823189,20.76190757751465,2400,0.0,0.0,0.0
2020-05-06 00:00:00-04:00,20.634979822459073,20.65311290849787,20.462718963623047,20.462718963623047,2400,0.0,0.0,0.0
2020-05-07 00:00:00-04:00,20.789108122460178,20.85257219593912,20.75284194946289,20.75284194946289,1700,0.0,0.0,0.0
2020-05-08 00:00:00-04:00,21.124563367994245,21.17896263210395,21.124563367994245,21.160829544067383,2500,0.0,0.0,0.0
2020-05-11 00:00:00-04:00,21.106430350603752,21.106430350603752,20.725644178091667,20.82537269592285,7100,0.0,0.0,0.0
2020-05-12 00:00:00-04:00,20.843502250543512,20.99763000209212,20.471782684326172,20.471782684326172,3700,0.0,0.0,0.0
2020-05-13 00:00:00-04:00,20.390189744695448,20.390189744695448,20.16353134149172,20.172597885131836,1500,0.0,0.0,0.0
2020-05-14 00:00:00-04:00,20.03660409888766,20.163532257080078,19.483557016592485,20.163532257080078,5600,0.0,0.0,0.0
2020-05-15 00:00:00-04:00,20.163531137890452,20.163531137890452,20.04566953029183,20.081933975219727,2300,0.0,0.0,0.0
2020-05-18 00:00:00-04:00,20.580585261641765,21.09736618341124,20.580585261641765,21.061100006103516,3500,0.0,0.0,0.0
2020-05-19 00:00:00-04:00,20.81630335197619,21.015763819335636,20.78910545498433,20.798171997070312,12200,0.0,0.0,0.0
2020-05-20 00:00:00-04:00,21.106432132065542,21.260559922740498,21.106432132065542,21.233360290527344,4700,0.0,0.0,0.0
2020-05-21 00:00:00-04:00,21.296820348101654,21.296820348101654,21.07016197692654,21.106428146362305,3300,0.0,0.0,0.0
2020-05-22 00:00:00-04:00,21.097363224690113,21.097363224690113,20.96136853739124,20.99763298034668,700,0.0,0.0,0.0
2020-05-26 00:00:00-04:00,21.405617248218565,21.84080090831242,21.405617248218565,21.641342163085938,8300,0.0,0.0,0.0
2020-05-27 00:00:00-04:00,21.97679744162228,22.139991760253906,21.92239991183384,22.139991760253906,6000,0.0,0.0,0.0
2020-05-28 00:00:00-04:00,22.393851835679794,22.448249370458402,22.2125244140625,22.2125244140625,3900,0.0,0.0,0.0
2020-05-29 00:00:00-04:00,21.994930733194966,22.303186286982775,21.976797646674196,22.230655670166016,29600,0.0,0.0,0.0
2020-06-01 00:00:00-04:00,22.094660332371863,22.45731340582915,22.094660332371863,22.384782791137695,7800,0.0,0.0,0.0
2020-06-02 00:00:00-04:00,22.584237715289966,22.937824185727195,22.584237715289966,22.883426666259766,35300,0.0,0.0,0.0
2020-06-03 00:00:00-04:00,23.418344420169444,23.43647750611037,23.39114479125805,23.400211334228516,8300,0.0,0.0,0.0
2020-06-04 00:00:00-04:00,23.182618640575697,23.463674545288086,23.182618640575697,23.463674545288086,5100,0.0,0.0,0.0
2020-06-05 00:00:00-04:00,23.57247171579171,24.297777846109586,23.57247171579171,24.107385635375977,5200,0.0,0.0,0.0
2020-06-08 00:00:00-04:00,24.297780277192533,24.424710159647628,24.23431620059818,24.397510528564453,3100,0.0,0.0,0.0
2020-06-09 00:00:00-04:00,24.107385690801436,24.198049389616173,23.907926936822,24.16178321838379,9200,0.0,0.0,0.0
2020-06-10 00:00:00-04:00,24.279649757580565,24.279649757580565,23.78100021276623,23.79913330078125,2800,0.0,0.0,0.0
2020-06-11 00:00:00-04:00,23.52714022600428,23.52714022600428,22.36664871314471,22.375715255737305,6800,0.0,0.0,0.0
2020-06-12 00:00:00-04:00,22.910631892978063,23.019426958516643,22.475448172290957,22.810901641845703,4800,0.0,0.0,0.0
2020-06-15 00:00:00-04:00,22.1574326989047,22.798086163611373,22.1574326989047,22.724868774414062,3100,0.236,0.0,0.0
2020-06-16 00:00:00-04:00,23.40213196782819,23.40213196782819,23.036044992010932,23.07265281677246,4000,0.0,0.0,0.0
2020-06-17 00:00:00-04:00,23.127567255154887,23.200784650580403,23.03604507446289,23.03604507446289,6500,0.0,0.0,0.0
2020-06-18 00:00:00-04:00,22.898759763991723,23.03604214475001,22.898759763991723,22.935367584228516,2100,0.0,0.0,0.0
2020-06-19 00:00:00-04:00,23.39298066048739,23.39298066048739,22.80724147200585,22.89876365661621,3400,0.0,0.0,0.0
2020-06-22 00:00:00-04:00,23.036045038213995,23.036045038213995,22.76148024221046,22.944522857666016,5400,0.0,0.0,0.0
2020-06-23 00:00:00-04:00,23.118412865771457,23.136717649456944,22.999433517456055,22.999433517456055,6900,0.0,0.0,0.0
2020-06-24 00:00:00-04:00,22.734024080934248,22.734024080934248,22.3404799089284,22.367937088012695,2600,0.0,0.0,0.0
2020-06-25 00:00:00-04:00,22.322176054944947,22.669960021972656,22.294720620354713,22.669960021972656,3700,0.0,0.0,0.0
2020-06-26 00:00:00-04:00,22.651649420368784,22.651649420368784,22.175735559047816,22.212345123291016,4500,0.0,0.0,0.0
2020-06-29 00:00:00-04:00,22.331325570894123,22.496065139770508,22.331325570894123,22.496065139770508,2400,0.0,0.0,0.0
2020-06-30 00:00:00-04:00,22.660805757859503,22.788935763744618,22.569283576952817,22.7614803314209,2000,0.0,0.0,0.0
2020-07-01 00:00:00-04:00,22.95367714850507,22.95367714850507,22.679112329795608,22.706567764282227,2200,0.0,0.0,0.0
2020-07-02 00:00:00-04:00,23.155019742569806,23.155019742569806,22.935367584228516,22.935367584228516,2800,0.0,0.0,0.0
2020-07-06 00:00:00-04:00,23.246542956264648,23.402130126953125,23.246542956264648,23.402130126953125,2400,0.0,0.0,0.0
2020-07-07 00:00:00-04:00,23.127566357721907,23.145871142278093,23.100109180887625,23.13671875,3300,0.0,0.0,0.0
2020-07-08 00:00:00-04:00,23.026894607574732,23.026894607574732,22.752329788177224,22.889612197875977,2700,0.0,0.0,0.0
2020-07-09 00:00:00-04:00,22.73402500167386,22.73402500167386,22.422850608677702,22.57843780517578,4200,0.0,0.0,0.0
2020-07-10 00:00:00-04:00,22.697412530741616,22.862152099609375,22.669957099690542,22.862152099609375,3100,0.0,0.0,0.0
2020-07-13 00:00:00-04:00,23.209937032860825,23.475349436544782,23.209937032860825,23.25569725036621,2900,0.0,0.0,0.0
2020-07-14 00:00:00-04:00,23.38383005264032,23.612634658813477,23.38383005264032,23.612634658813477,5200,0.0,0.0,0.0
2020-07-15 00:00:00-04:00,24.051939983307125,24.061092376708984,24.051939983307125,24.061092376708984,400,0.0,0.0,0.0
2020-07-16 00:00:00-04:00,24.006174123988146,24.015326515906054,23.87804412841797,23.87804412841797,1400,0.0,0.0,0.0
2020-07-17 00:00:00-04:00,24.02447709753191,24.13430404663086,24.02447709753191,24.13430404663086,5000,0.0,0.0,0.0
2020-07-20 00:00:00-04:00,24.262438741594174,24.262438741594174,23.90550414261611,23.94211196899414,11200,0.0,0.0,0.0
2020-07-21 00:00:00-04:00,24.116003886761032,24.198373677963957,24.106851493778432,24.14345932006836,6200,0.0,0.0,0.0
2020-07-22 00:00:00-04:00,23.960412952969598,24.161760330200195,23.960412952969598,24.161760330200195,1200,0.0,0.0,0.0
2020-07-23 00:00:00-04:00,24.28074350183981,24.317351328179,24.189221317531132,24.234981536865234,40700,0.0,0.0,0.0
2020-07-24 00:00:00-04:00,24.244133078349336,24.363112437463926,24.06109046180133,24.2075252532959,6400,0.0,0.0,0.0
2020-07-27 00:00:00-04:00,24.16176327871326,24.42717742919922,24.16176327871326,24.42717742919922,11300,0.0,0.0,0.0
2020-07-28 00:00:00-04:00,24.244134014048672,24.262438800102068,24.189221401528968,24.198373794555664,1900,0.0,0.0,0.0
2020-07-29 00:00:00-04:00,24.335653353785066,24.646827697753906,24.335653353785066,24.646827697753906,19300,0.0,0.0,0.0
2020-07-30 00:00:00-04:00,24.180067060259823,24.39971923828125,24.06108945178001,24.39971923828125,8300,0.0,0.0,0.0
2020-07-31 00:00:00-04:00,24.271586423774444,24.271586423774444,24.06108666244494,24.13430404663086,6400,0.0,0.0,0.0
2020-08-03 00:00:00-04:00,24.22582727606583,24.500393807822864,24.22582727606583,24.39971923828125,4600,0.0,0.0,0.0
2020-08-04 00:00:00-04:00,24.463785196748596,24.774959564208984,24.463785196748596,24.774959564208984,3500,0.0,0.0,0.0
2020-08-05 00:00:00-04:00,24.802414921744287,25.159349480605094,24.802414921744287,25.10443687438965,7100,0.0,0.0,0.0
2020-08-06 00:00:00-04:00,25.104439768074325,25.104439768074325,24.875635179222957,24.9671573638916,5000,0.0,0.0,0.0
2020-08-07 00:00:00-04:00,24.610220097651577,24.976308822631836,24.610220097651577,24.976308822631836,5400,0.0,0.0,0.0
2020-08-10 00:00:00-04:00,25.16850187971785,25.452219048491756,25.16850187971785,25.397306442260742,4800,0.0,0.0,0.0
2020-08-11 00:00:00-04:00,25.598657712986295,25.88237667044953,25.598657712986295,25.726789474487305,5900,0.0,0.0,0.0
2020-08-12 00:00:00-04:00,25.818307955557195,25.89152709693304,25.763395345165726,25.854917526245117,4800,0.0,0.0,0.0
2020-08-13 00:00:00-04:00,25.708481767535364,25.809156337499022,25.708481767535364,25.772546768188477,5500,0.0,0.0,0.0
2020-08-14 00:00:00-04:00,25.864068051714344,25.882372835736827,25.854915659703103,25.873220443725586,1300,0.0,0.0,0.0
2020-08-17 00:00:00-04:00,25.87322230409089,26.037961880857974,25.87322230409089,26.001352310180664,6200,0.0,0.0,0.0
2020-08-18 00:00:00-04:00,26.166092827124974,26.166092827124974,25.90983106009725,25.99220085144043,19600,0.0,0.0,0.0
2020-08-19 00:00:00-04:00,26.221004504922277,26.221004504922277,25.854917526245117,25.854917526245117,2700,0.0,0.0,0.0
2020-08-20 00:00:00-04:00,25.690175077223344,25.69932746887207,25.534587910475423,25.69932746887207,2500,0.0,0.0,0.0
2020-08-21 00:00:00-04:00,25.60781190280238,25.83661651611328,25.60781190280238,25.83661651611328,6600,0.0,0.0,0.0
2020-08-24 00:00:00-04:00,26.09287451553366,26.31252670288086,26.09287451553366,26.31252670288086,2500,0.0,0.0,0.0
2020-08-25 00:00:00-04:00,26.367440333903307,26.367440333903307,26.175245317150434,26.266767501831055,3500,0.0,0.0,0.0
2020-08-26 00:00:00-04:00,26.285068510972426,26.422352650204424,26.24846068731348,26.358285903930664,5800,0.0,0.0,0.0
2020-08-27 00:00:00-04:00,26.35828785651707,26.367440249519888,26.303375244140625,26.303375244140625,2300,0.0,0.0,0.0
2020-08-28 00:00:00-04:00,26.358285981768105,26.541330337524414,26.312525765649205,26.541330337524414,4400,0.0,0.0,0.0
2020-08-31 00:00:00-04:00,26.52302752416822,26.52302752416822,26.266767501831055,26.266767501831055,3000,0.0,0.0,0.0
2020-09-01 00:00:00-04:00,26.102025978477695,26.541330337524414,26.083721193773993,26.541330337524414,11200,0.0,0.0,0.0
2020-09-02 00:00:00-04:00,26.568786624829546,26.78843879699707,26.568786624829546,26.78843879699707,6500,0.0,0.0,0.0
2020-09-03 00:00:00-04:00,26.394892706931824,26.431500526754114,26.230153153631115,26.330827713012695,3900,0.0,0.0,0.0
2020-09-04 00:00:00-04:00,26.422351757046286,26.55048175398192,26.23930740801799,26.458959579467773,3000,0.0,0.0,0.0
2020-09-08 00:00:00-04:00,26.26676362908417,26.26676362908417,25.955589294433594,25.955589294433594,2000,0.0,0.0,0.0
2020-09-09 00:00:00-04:00,26.111178374420636,26.532177948821555,26.111178374420636,26.321678161621094,19200,0.0,0.0,0.0
2020-09-10 00:00:00-04:00,26.38574222411274,26.38574222411274,26.17524244439815,26.18439483642578,13600,0.0,0.0,0.0
2020-09-11 00:00:00-04:00,26.404046973015397,26.468111971483218,26.404046973015397,26.458959579467773,1400,0.0,0.0,0.0
2020-09-14 00:00:00-04:00,26.605395337140752,26.614547729492188,26.605395337140752,26.614547729492188,800,0.0,0.0,0.0
2020-09-15 00:00:00-04:00,26.669463252967542,26.77929022754865,26.669463252967542,26.715225219726562,1400,0.0,0.0,0.0
2020-09-16 00:00:00-04:00,26.861658064595215,26.870810457280058,26.696918487548828,26.696918487548828,2100,0.0,0.0,0.0
2020-09-17 00:00:00-04:00,26.660309914057766,26.87996385542954,26.660309914057766,26.870811462402344,1900,0.0,0.0,0.0
2020-09-18 00:00:00-04:00,26.998939476418485,27.09961404663038,26.8158951206951,26.834199905395508,5200,0.0,0.0,0.0
2020-09-21 00:00:00-04:00,25.983047607627654,26.001352393024632,25.78170020518215,25.964744567871094,4100,0.0,0.0,0.0
2020-09-22 00:00:00-04:00,26.037959040825005,26.09287164521109,25.955589261425764,26.08371925354004,61000,0.0,0.0,0.0
2020-09-23 00:00:00-04:00,26.202699650314283,26.202699650314283,25.598655700683594,25.598655700683594,3800,0.0,0.0,0.0
2020-09-24 00:00:00-04:00,25.44306947156969,25.89152799993527,25.314939460974077,25.754243850708008,10800,0.0,0.0,0.0
2020-09-25 00:00:00-04:00,25.699330420486348,25.89152717590332,25.571200413968644,25.89152717590332,2500,0.0,0.0,0.0
2020-09-28 00:00:00-04:00,26.2942209052844,26.35828590592266,26.211851119995117,26.211851119995117,5700,0.0,0.0,0.0
2020-09-29 00:00:00-04:00,26.202699787482796,26.202699787482796,25.983047599707273,26.11117935180664,6600,0.0,0.0,0.0
2020-09-30 00:00:00-04:00,26.339982946327314,26.504720771762226,26.248460768436573,26.321678161621094,1600,0.0,0.0,0.0
2020-10-01 00:00:00-04:00,26.239309271414793,26.31252666709762,26.13863469773575,26.221004486083984,3100,0.0,0.0,0.0
2020-10-02 00:00:00-04:00,26.27591615757895,26.486417690081073,26.120330724747472,26.44980812072754,4400,0.0,0.0,0.0
2020-10-05 00:00:00-04:00,26.86165805300718,26.91657066345215,26.815896089602695,26.91657066345215,2200,0.0,0.0,0.0
2020-10-06 00:00:00-04:00,27.05385208487936,27.23689644060274,26.834199905395508,26.834199905395508,4100,0.0,0.0,0.0
2020-10-07 00:00:00-04:00,26.879962866036703,27.282657670568188,26.879962866036703,27.15452766418457,8300,0.0,0.0,0.0
2020-10-08 00:00:00-04:00,27.410788473191285,27.529766082763672,27.410788473191285,27.529766082763672,4700,0.0,0.0,0.0
2020-10-09 00:00:00-04:00,27.667052374434046,27.740269778094067,27.57553018344887,27.639596939086914,4400,0.0,0.0,0.0
2020-10-12 00:00:00-04:00,27.648742758278086,27.822634716215767,27.648742758278086,27.758569717407227,1800,0.0,0.0,0.0
2020-10-13 00:00:00-04:00,27.740266886872643,27.740266886872643,27.538919484203113,27.630441665649414,4200,0.0,0.0,0.0
2020-10-14 00:00:00-04:00,27.676199892660645,27.831787066235044,27.66704750061035,27.66704750061035,6300,0.0,0.0,0.0
2020-10-15 00:00:00-04:00,27.392483647272666,27.65789604313846,27.300961469317432,27.584678649902344,5500,0.0,0.0,0.0
2020-10-16 00:00:00-04:00,27.721960914368214,27.74026395220885,27.602981567382812,27.602981567382812,1700,0.0,0.0,0.0
2020-10-19 00:00:00-04:00,27.731113480847334,27.776875442718516,27.383331298828125,27.383331298828125,8400,0.0,0.0,0.0
2020-10-20 00:00:00-04:00,27.584679670681126,27.63044163417235,27.41994009339354,27.465702056884766,4800,0.0,0.0,0.0
2020-10-21 00:00:00-04:00,27.57552723836619,27.593832023736383,27.447397232055664,27.447397232055664,1300,0.0,0.0,0.0
2020-10-22 00:00:00-04:00,27.227743233152122,27.584677795923003,27.227743233152122,27.484004974365234,9600,0.0,0.0,0.0
2020-10-23 00:00:00-04:00,27.53891851520614,27.548070907592773,27.49315829891334,27.548070907592773,1600,0.0,0.0,0.0
2020-10-26 00:00:00-04:00,27.227744980850233,27.227744980850233,26.898265827519047,27.117918014526367,5300,0.0,0.0,0.0
2020-10-27 00:00:00-04:00,27.117918153128635,27.117918153128635,26.806745529174805,26.806745529174805,5600,0.0,0.0,0.0
2020-10-28 00:00:00-04:00,26.513874065069214,26.513874065069214,26.28506948538765,26.294221878051758,5400,0.0,0.0,0.0
2020-10-29 00:00:00-04:00,26.294219054393643,26.605393388995715,26.294219054393643,26.596240997314453,1200,0.0,0.0,0.0
2020-10-30 00:00:00-04:00,26.376589749823843,26.376589749823843,26.037959974059127,26.147785186767578,3600,0.0,0.0,0.0
2020-11-02 00:00:00-05:00,26.394896511510588,26.715223272918518,26.394896511510588,26.696918487548828,2900,0.0,0.0,0.0
2020-11-03 00:00:00-05:00,26.889119166054495,26.980641366558203,26.797598711191572,26.898271560668945,2700,0.0,0.0,0.0
2020-11-04 00:00:00-05:00,26.66946033556196,27.09046165548838,26.66946033556196,26.760982513427734,4500,0.0,0.0,0.0
2020-11-05 00:00:00-05:00,27.429090624873325,27.703657150268555,27.429090624873325,27.703657150268555,1400,0.0,0.0,0.0
2020-11-06 00:00:00-05:00,27.822636706930567,27.83178909964954,27.767724096257137,27.795181274414062,1500,0.0,0.0,0.0
2020-11-09 00:00:00-05:00,28.91174692355569,29.524941523309614,28.435832977294922,28.435832977294922,6700,0.0,0.0,0.0
2020-11-10 00:00:00-05:00,28.124655889723464,28.81106956468304,24.948849248674303,28.701244354248047,5800,0.0,0.0,0.0
2020-11-11 00:00:00-05:00,28.728702549081927,28.728702549081927,28.509050361430877,28.655485153198242,7300,0.0,0.0,0.0
2020-11-12 00:00:00-05:00,28.637182129272908,28.673789954414758,28.36261558532715,28.36261558532715,1700,0.0,0.0,0.0
2020-11-13 00:00:00-05:00,28.37176795463916,28.847681900573907,28.37176795463916,28.80191993713379,10500,0.0,0.0,0.0
2020-11-16 00:00:00-05:00,29.378507769311252,29.47918234686451,29.378507769311252,29.45172691345215,2900,0.0,0.0,0.0
2020-11-17 00:00:00-05:00,29.286986201633265,29.561550999017413,29.241225983949377,29.44257164001465,62500,0.0,0.0,0.0
2020-11-18 00:00:00-05:00,29.323595819228125,29.671376267206988,29.314441680908203,29.314441680908203,5300,0.0,0.0,0.0
2020-11-19 00:00:00-05:00,29.25037384033203,29.305288191082067,29.140548630112445,29.25037384033203,4000,0.0,0.0,0.0
2020-11-20 00:00:00-05:00,29.168005893725336,29.43341827392578,29.168005893725336,29.43341827392578,3000,0.0,0.0,0.0
2020-11-23 00:00:00-05:00,29.72628897742129,29.854418976559387,29.680528762197778,29.735443115234375,3300,0.0,0.0,0.0
2020-11-24 00:00:00-05:00,30.01000697851325,30.40355110168457,30.01000697851325,30.40355110168457,5300,0.0,0.0,0.0
2020-11-25 00:00:00-05:00,30.357789107922965,30.357789107922965,29.891029314580717,30.0191593170166,7000,0.0,0.0,0.0
2020-11-27 00:00:00-05:00,30.101530106278233,30.403553828897884,30.101530106278233,30.26626968383789,7500,0.0,0.0,0.0
2020-11-30 00:00:00-05:00,30.229655291394145,30.229655291394145,29.81780990446464,29.89102554321289,18000,0.0,0.0,0.0
2020-12-01 00:00:00-05:00,29.991704005140537,30.46761793843103,29.991704005140537,30.074073791503906,7700,0.0,0.0,0.0
2020-12-02 00:00:00-05:00,30.000857572155006,30.11068629218378,29.83611798339292,30.028316497802734,17700,0.0,0.0,0.0
2020-12-03 00:00:00-05:00,30.11068238573529,30.25711716882801,29.991703033447266,29.991703033447266,6700,0.0,0.0,0.0
2020-12-04 00:00:00-05:00,30.29372879684677,30.403557522750642,30.29372879684677,30.3577938079834,3200,0.0,0.0,0.0
2020-12-07 00:00:00-05:00,30.431010207149168,30.431010207149168,30.183900833129883,30.183900833129883,7800,0.0,0.0,0.0
2020-12-08 00:00:00-05:00,30.19305507486401,30.559140322183346,30.19305507486401,30.385250091552734,51900,0.0,0.0,0.0
2020-12-09 00:00:00-05:00,30.48592181881554,30.48592181881554,30.15644268313758,30.321182250976562,9900,0.0,0.0,0.0
2020-12-10 00:00:00-05:00,30.128985617130436,30.302879333496094,30.128985617130436,30.302879333496094,2900,0.0,0.0,0.0
2020-12-11 00:00:00-05:00,30.193050196700334,30.39439582824707,30.183896059509795,30.39439582824707,3200,0.0,0.0,0.0
2020-12-14 00:00:00-05:00,30.747114776844175,30.747114776844175,30.266979217529297,30.266979217529297,4400,0.292,0.0,0.0
2020-12-15 00:00:00-05:00,30.627081983012,30.719417782445245,30.53474970582936,30.700950622558594,1400,0.0,0.0,0.0
2020-12-16 00:00:00-05:00,30.85791090636397,30.85791090636397,30.562443443348812,30.673246383666992,6100,0.0,0.0,0.0
2020-12-17 00:00:00-05:00,30.80251831384148,30.977951049804688,30.784051153911047,30.977951049804688,5500,0.0,0.0,0.0
2020-12-18 00:00:00-05:00,31.07028363926724,31.07951545715332,30.94101353311043,31.07951545715332,3400,0.0,0.0,0.0
2020-12-21 00:00:00-05:00,30.590150700834922,30.885618209838867,30.414714445816582,30.885618209838867,5400,0.0,0.0,0.0
2020-12-22 00:00:00-05:00,30.673251392721074,30.8763831053099,30.654784232985623,30.710182189941406,14200,0.0,0.0,0.0
2020-12-23 00:00:00-05:00,30.88561157684998,30.99641098836856,30.857909082282994,30.941009521484375,22000,0.0,0.0,0.0
2020-12-24 00:00:00-05:00,30.94101564084169,31.061050415039062,30.94101564084169,31.061050415039062,2700,0.0,0.0,0.0
2020-12-28 00:00:00-05:00,31.439613884355644,31.439613884355644,31.11644744873047,31.11644744873047,4700,0.0,0.0,0.0
2020-12-29 00:00:00-05:00,31.356513440491312,31.356513440491312,30.848678960689032,30.9594783782959,7100,0.0,0.0,0.0
2020-12-30 00:00:00-05:00,31.37497818395809,31.384213522694154,31.236479803164467,31.29187774658203,6900,0.0,0.0,0.0
2020-12-31 00:00:00-05:00,31.17184970049271,31.513486862182617,31.17184970049271,31.513486862182617,2400,0.0,0.0,0.0
2021-01-04 00:00:00-05:00,31.799719235802733,31.799719235802733,31.301120023280497,31.495019912719727,8900,0.0,0.0,0.0
2021-01-05 00:00:00-05:00,31.64275046463278,32.23368541396614,31.64275046463278,32.16905212402344,9900,0.0,0.0,0.0
2021-01-06 00:00:00-05:00,32.50145288394265,33.45248856775665,32.50145288394265,33.39708709716797,18100,0.0,0.0,0.0
2021-01-07 00:00:00-05:00,33.60021865605212,33.84028814698125,33.535585375167265,33.683319091796875,8600,0.0,0.0,0.0
2021-01-08 00:00:00-05:00,33.867991414100395,33.867991414100395,33.28628829010151,33.65562438964844,11300,0.0,0.0,0.0
2021-01-11 00:00:00-05:00,33.19395126041411,33.48941868872896,33.19395126041411,33.44325256347656,9600,0.0,0.0,0.0
2021-01-12 00:00:00-05:00,33.58176212935284,34.03419876098633,33.45249552667205,34.03419876098633,16900,0.0,0.0,0.0
2021-01-13 00:00:00-05:00,34.08959078824557,34.09882612811598,33.86799194285781,33.89569091796875,22000,0.0,0.0,0.0
2021-01-14 00:00:00-05:00,34.06189660504426,34.29273082277673,34.06189660504426,34.108062744140625,67300,0.0,0.0,0.0
2021-01-15 00:00:00-05:00,34.10805741323084,34.15422706736177,33.40632305079178,33.65562438964844,14900,0.0,0.0,0.0
2021-01-19 00:00:00-05:00,34.01572380776286,34.16345753730445,33.73872350515363,33.747955322265625,27000,0.0,0.0,0.0
2021-01-20 00:00:00-05:00,33.932631348962474,34.071133293981,33.87722986650491,34.01573181152344,9300,0.0,0.0,0.0
2021-01-21 00:00:00-05:00,34.080364690208775,34.144997991148216,33.978797068089435,34.05266571044922,10400,0.0,0.0,0.0
2021-01-22 00:00:00-05:00,33.821826267896775,33.86799240112305,33.655625370482035,33.86799240112305,8500,0.0,0.0,0.0
2021-01-25 00:00:00-05:00,33.80335599656649,33.80335599656649,33.26781903816888,33.517120361328125,30900,0.0,0.0,0.0
2021-01-26 00:00:00-05:00,33.80335910711163,33.80335910711163,33.29552459716797,33.29552459716797,10000,0.0,0.0,0.0
2021-01-27 00:00:00-05:00,33.046224844628185,33.046224844628185,32.012085094883346,32.29832077026367,20400,0.0,0.0,0.0
2021-01-28 00:00:00-05:00,32.32602132751938,33.1754930547516,32.3167895088785,33.036991119384766,8900,0.0,0.0,0.0
2021-01-29 00:00:00-05:00,33.24012313973726,33.24012313973726,32.24291775486505,32.40911865234375,13500,0.0,0.0,0.0
2021-02-01 00:00:00-05:00,32.62148720067199,32.981587948996996,32.62148720067199,32.86155319213867,7400,0.0,0.0,0.0
2021-02-02 00:00:00-05:00,33.22165648353904,33.56329010140284,33.212424665650936,33.53559112548828,12100,0.0,0.0,0.0
2021-02-03 00:00:00-05:00,33.63715590567192,33.75719066162757,33.53558830619021,33.747955322265625,8800,0.0,0.0,0.0
2021-02-04 00:00:00-05:00,33.81258786873673,34.0895881652832,33.75718992277736,34.0895881652832,11600,0.0,0.0,0.0
2021-02-05 00:00:00-05:00,34.348130572007385,34.45893000470486,34.16346250267795,34.24656295776367,12800,0.0,0.0,0.0
2021-02-08 00:00:00-05:00,34.66205637313142,34.99445810850821,34.66205637313142,34.92982482910156,23000,0.0,0.0,0.0
2021-02-09 00:00:00-05:00,35.151430433959824,35.151430433959824,34.855962950333044,34.99446487426758,59200,0.0,0.0,0.0
2021-02-10 00:00:00-05:00,35.29916339471004,35.29916339471004,34.68052946525817,34.76362991333008,9400,0.0,0.0,0.0
2021-02-11 00:00:00-05:00,34.957537291950494,35.06833673909073,34.726703055761966,35.059104919433594,10100,0.0,0.0,0.0
2021-02-12 00:00:00-05:00,35.03139972634957,35.253002125866956,35.03139972634957,35.24376678466797,10900,0.0,0.0,0.0
2021-02-16 00:00:00-05:00,35.483833103990236,35.733134459837395,35.474597763634605,35.50230026245117,32800,0.0,0.0,0.0
2021-02-17 00:00:00-05:00,35.696200428491125,35.696200428491125,35.04986396618883,35.17913055419922,63800,0.0,0.0,0.0
2021-02-18 00:00:00-05:00,35.123733262765455,35.123733262765455,34.51433110619226,34.55126190185547,62300,0.0,0.0,0.0
2021-02-19 00:00:00-05:00,35.08679121832798,35.86239411246522,35.08679121832798,35.72389221191406,36400,0.0,0.0,0.0
2021-02-22 00:00:00-05:00,35.69619614436192,36.277899242845095,35.69619614436192,36.093231201171875,32700,0.0,0.0,0.0
2021-02-23 00:00:00-05:00,36.20403020257089,36.20403020257089,35.594628137604694,36.130165100097656,41500,0.0,0.0,0.0
2021-02-24 00:00:00-05:00,35.92703957399388,36.601075105882124,35.92703957399388,36.536441802978516,33100,0.0,0.0,0.0
2021-02-25 00:00:00-05:00,36.55490173670013,36.62876684444971,35.83470020545362,35.927032470703125,27400,0.0,0.0,0.0
2021-02-26 00:00:00-05:00,35.973202978936,35.973202978936,35.30840283932618,35.594635009765625,20900,0.0,0.0,0.0
2021-03-01 00:00:00-05:00,36.176334072034024,36.77650436719405,36.176334072034024,36.49026870727539,23300,0.0,0.0,0.0
2021-03-02 00:00:00-05:00,36.573367286801,36.674934887461646,36.26866448481908,36.342533111572266,13900,0.0,0.0,0.0
2021-03-03 00:00:00-05:00,36.28713235479533,36.37023280040116,35.96396591202269,35.99166488647461,22600,0.0,0.0,0.0
2021-03-04 00:00:00-05:00,35.88086874819381,35.90856772517917,34.73592956204374,35.169898986816406,28100,0.0,0.0,0.0
2021-03-05 00:00:00-05:00,35.428428516024354,36.12093104734285,35.031393449621746,36.02859878540039,48400,0.0,0.0,0.0
2021-03-08 00:00:00-05:00,36.01936376999081,36.71186630754107,36.01936376999081,36.287132263183594,29500,0.0,0.0,0.0
2021-03-09 00:00:00-05:00,36.60107284291421,36.65647432294231,36.38870578618244,36.42564010620117,15900,0.0,0.0,0.0
2021-03-10 00:00:00-05:00,36.43486540791831,36.99810135957987,36.43486540791831,36.915000915527344,15300,0.0,0.0,0.0
2021-03-11 00:00:00-05:00,37.10890007272944,37.45976899898134,37.06273394296601,37.265869140625,16400,0.0,0.0,0.0
2021-03-12 00:00:00-05:00,37.17353695593122,37.30280706292748,37.155073320039165,37.284339904785156,13800,0.0,0.0,0.0
2021-03-15 00:00:00-04:00,37.348972219225416,37.65367151496993,37.0904355342526,37.644439697265625,14100,0.0,0.0,0.0
2021-03-16 00:00:00-04:00,37.6167380668769,37.653668857337685,37.21046767155893,37.265869140625,9900,0.0,0.0,0.0
2021-03-17 00:00:00-04:00,37.136609408196506,37.65367579237987,37.118142248439874,37.61674499511719,38500,0.0,0.0,0.0
2021-03-18 00:00:00-04:00,37.312038838948226,37.893741991901834,37.24740554664785,37.27510452270508,25600,0.0,0.0,0.0
2021-03-19 00:00:00-04:00,37.23817207866202,37.24740389618861,36.8226698449635,37.10890197753906,21800,0.0,0.0,0.0
2021-03-22 00:00:00-04:00,37.10890465415689,37.10890465415689,36.72110488956684,36.92424011230469,12500,0.0,0.0,0.0
2021-03-23 00:00:00-04:00,36.78573634853124,36.78573634853124,35.7700673300115,35.890098571777344,17100,0.0,0.0,0.0
2021-03-24 00:00:00-04:00,35.89933935066577,36.45334007701912,35.89933935066577,36.056304931640625,17100,0.0,0.0,0.0
2021-03-25 00:00:00-04:00,35.963971424472795,36.481037812163414,35.63156959109991,36.434871673583984,14200,0.0,0.0,0.0
2021-03-26 00:00:00-04:00,36.68416567041167,36.99810028076172,36.68416567041167,36.99810028076172,13800,0.0,0.0,0.0
2021-03-29 00:00:00-04:00,36.97963549474129,37.182770703355004,36.776503808377676,36.81343460083008,12000,0.0,0.0,0.0
2021-03-30 00:00:00-04:00,36.776509284984314,37.081208621029354,36.776509284984314,36.98887634277344,18100,0.0,0.0,0.0
2021-03-31 00:00:00-04:00,36.998104973346926,37.182773036195435,36.69340566355968,36.9334716796875,15300,0.0,0.0,0.0
2021-04-01 00:00:00-04:00,36.95194469425679,37.071979482468706,36.82267808645206,37.062744140625,10700,0.0,0.0,0.0
2021-04-05 00:00:00-04:00,37.29357188969218,37.450540973479534,37.22893859702983,37.25663757324219,24600,0.0,0.0,0.0
2021-04-06 00:00:00-04:00,37.201242799760315,37.55210826926682,37.201242799760315,37.312042236328125,23700,0.0,0.0,0.0
2021-04-07 00:00:00-04:00,37.39513855677829,37.404370374533094,36.942701997288914,37.053504943847656,32900,0.0,0.0,0.0
2021-04-08 00:00:00-04:00,37.12737404447599,37.12737404447599,36.776508576066405,37.02580642700195,13900,0.0,0.0,0.0
2021-04-09 00:00:00-04:00,37.06273819410292,37.23817443847656,37.044271035629365,37.23817443847656,7400,0.0,0.0,0.0
2021-04-12 00:00:00-04:00,37.11813756758404,37.21046983247288,37.03503712028404,37.09967041015625,14300,0.0,0.0,0.0
2021-04-13 00:00:00-04:00,37.23817909846042,37.27510989777873,36.95194338967623,37.164310455322266,45800,0.0,0.0,0.0
2021-04-14 00:00:00-04:00,37.16430946850055,37.63520972812479,37.1550776494788,37.53364562988281,13500,0.0,0.0,0.0
2021-04-15 00:00:00-04:00,37.70907727164977,37.746011591163025,37.40437441904122,37.61674499511719,14800,0.0,0.0,0.0
2021-04-16 00:00:00-04:00,37.856807500167164,37.875274658203125,37.644440466128934,37.875274658203125,10000,0.0,0.0,0.0
2021-04-19 00:00:00-04:00,37.875274303981705,37.875274303981705,37.4874710333538,37.607505798339844,13400,0.0,0.0,0.0
2021-04-20 00:00:00-04:00,37.478243757580955,37.496710917682265,36.841142584213586,36.98887634277344,18100,0.0,0.0,0.0
2021-04-21 00:00:00-04:00,37.08119786190652,37.598267627963345,37.08119786190652,37.50593185424805,14200,0.0,0.0,0.0
2021-04-22 00:00:00-04:00,37.57980463337033,37.57980463337033,37.201236724853516,37.201236724853516,15900,0.0,0.0,0.0
2021-04-23 00:00:00-04:00,37.33973576533389,37.77370515174351,37.265870659152505,37.71830368041992,8900,0.0,0.0,0.0
2021-04-26 00:00:00-04:00,37.847577735995614,38.17997603192915,37.847577735995614,38.00454330444336,18700,0.0,0.0,0.0
2021-04-27 00:00:00-04:00,38.02301054907568,38.355412368007926,38.02301054907568,38.28154373168945,62300,0.0,0.0,0.0
2021-04-28 00:00:00-04:00,38.32770877981347,38.59547729548805,38.263075485995515,38.36464309692383,17600,0.0,0.0,0.0
2021-04-29 00:00:00-04:00,38.59547521749579,38.59547521749579,38.023007422108456,38.235374450683594,17200,0.0,0.0,0.0
2021-04-30 00:00:00-04:00,38.1338025569619,38.19843584003178,37.60750095353596,37.69983673095703,54100,0.0,0.0,0.0
2021-05-03 00:00:00-04:00,37.94913607437843,38.33693931088699,37.94913607437843,38.15227127075195,33700,0.0,0.0,0.0
2021-05-04 00:00:00-04:00,38.0968723228578,38.253841400146484,37.81064018784629,38.253841400146484,13000,0.0,0.0,0.0
2021-05-05 00:00:00-04:00,38.364648067059235,38.73398424150959,38.19844714078166,38.55854797363281,107400,0.0,0.0,0.0
2021-05-06 00:00:00-04:00,38.75244108148427,39.121773635319144,38.36463784937031,39.0571403503418,49500,0.0,0.0,0.0
2021-05-07 00:00:00-04:00,39.20488280238663,39.61115328095581,38.91865062584995,39.55575180053711,49200,0.0,0.0,0.0
2021-05-10 00:00:00-04:00,39.721944515228984,39.952778685920286,39.315677642822266,39.315677642822266,56400,0.0,0.0,0.0
2021-05-11 00:00:00-04:00,39.10330776649155,39.10330776649155,38.41080524272429,38.95557403564453,30400,0.0,0.0,0.0
2021-05-12 00:00:00-04:00,38.71551265070421,39.029447306391134,38.013774703992084,38.04147720336914,37800,0.0,0.0,0.0
2021-05-13 00:00:00-04:00,38.04147580010384,38.586244637751996,38.04147580010384,38.43851089477539,22700,0.0,0.0,0.0
2021-05-14 00:00:00-04:00,38.7155116689492,39.09407960983213,38.7155116689492,38.983280181884766,14900,0.0,0.0,0.0
2021-05-17 00:00:00-04:00,38.81707759454624,39.0848460958632,38.52161011800689,38.80784225463867,15500,0.0,0.0,0.0
2021-05-18 00:00:00-04:00,38.93710554056925,39.13100891746876,38.48467254638672,38.48467254638672,78300,0.0,0.0,0.0
2021-05-19 00:00:00-04:00,37.99530927962056,37.99530927962056,37.26587239010385,37.58903884887695,46200,0.0,0.0,0.0
2021-05-20 00:00:00-04:00,37.66291265322297,37.699846974226666,37.34897796919295,37.49671173095703,14100,0.0,0.0,0.0
2021-05-21 00:00:00-04:00,37.55210283090316,38.096871638322156,37.55210283090316,37.7275390625,20800,0.0,0.0,0.0
2021-05-24 00:00:00-04:00,38.115344042585534,38.115344042585534,37.79217755397129,37.902976989746094,23300,0.0,0.0,0.0
2021-05-25 00:00:00-04:00,37.995307305720246,38.17997183128264,37.73677062988281,37.73677062988281,17100,0.0,0.0,0.0
2021-05-26 00:00:00-04:00,37.85680435082179,38.04147239356847,37.57056870845193,37.829105377197266,12000,0.0,0.0,0.0
2021-05-27 00:00:00-04:00,37.97683777737383,38.30923953823047,37.83833586960029,37.92143630981445,51200,0.0,0.0,0.0
2021-05-28 00:00:00-04:00,38.08763586327057,38.17996811706953,37.92143498863269,38.01376724243164,15400,0.0,0.0,0.0
2021-06-01 00:00:00-04:00,38.1799693463077,38.66934016949707,38.1799693463077,38.5216064453125,117500,0.0,0.0,0.0
2021-06-02 00:00:00-04:00,38.78014426225183,38.78014426225183,38.336943036210414,38.4477424621582,48700,0.0,0.0,0.0
2021-06-03 00:00:00-04:00,38.12457440598405,38.364640405861415,38.004539644920314,38.290775299072266,46600,0.0,0.0,0.0
2021-06-04 00:00:00-04:00,38.59547738879554,38.68781318179466,38.373878530098345,38.64164352416992,22400,0.0,0.0,0.0
2021-06-07 00:00:00-04:00,38.62317271664005,38.780138252219174,38.540072279495305,38.61393737792969,17000,0.0,0.0,0.0
2021-06-08 00:00:00-04:00,38.6139414426766,38.83554380580641,38.60470962524414,38.60470962524414,20200,0.0,0.0,0.0
2021-06-09 00:00:00-04:00,38.8170749358,38.8170749358,38.36463841207271,38.42927169799805,26100,0.0,0.0,0.0
2021-06-10 00:00:00-04:00,38.58793294845644,38.680713289888885,37.96629333496094,37.96629333496094,26000,0.201,0.0,0.0
2021-06-11 00:00:00-04:00,38.04051797605997,38.281748971767996,37.67866971282646,37.85495376586914,28400,0.0,0.0,0.0
2021-06-14 00:00:00-04:00,37.910626824250244,37.910626824250244,37.205483482549774,37.381771087646484,45200,0.0,0.0,0.0
2021-06-15 00:00:00-04:00,37.37249056676227,37.465274447317896,37.17764972661019,37.25187683105469,19600,0.0,0.0,0.0
2021-06-16 00:00:00-04:00,37.43744174321491,37.43744174321491,36.87147593492617,36.964256286621094,23100,0.0,0.0,0.0
2021-06-17 00:00:00-04:00,36.82507630095505,36.94569357024685,35.81375505691524,36.23127365112305,39300,0.0,0.0,0.0
2021-06-18 00:00:00-04:00,35.767364491493346,36.008599027399164,35.60035705566406,35.60035705566406,29100,0.0,0.0,0.0
2021-06-21 00:00:00-04:00,35.87870030583085,36.45394969260928,35.87870030583085,36.379722595214844,17400,0.0,0.0,0.0
2021-06-22 00:00:00-04:00,36.33333209780124,36.6673469543457,36.33333209780124,36.6673469543457,12900,0.0,0.0,0.0
2021-06-23 00:00:00-04:00,36.63951356274792,36.90857793999294,36.63951356274792,36.6673469543457,101600,0.0,0.0,0.0
2021-06-24 00:00:00-04:00,36.7879670475961,37.05703144554504,36.66734977581985,36.9085807800293,20900,0.0,0.0,0.0
2021-06-25 00:00:00-04:00,37.02919978316747,37.23332078504928,36.92713928222656,36.92713928222656,11900,0.0,0.0,0.0
2021-06-28 00:00:00-04:00,36.94569222001203,36.94569222001203,36.50961686651611,36.6766242980957,34300,0.0,0.0,0.0
2021-06-29 00:00:00-04:00,36.56528990666796,36.7415739689461,36.50034296060005,36.53745651245117,25000,0.0,0.0,0.0
2021-06-30 00:00:00-04:00,36.370446366428354,36.778684788432436,36.370446366428354,36.6766242980957,25200,0.0,0.0,0.0
2021-07-01 00:00:00-04:00,36.91786157631693,37.084869020329855,36.89930480038848,36.95497512817383,24400,0.0,0.0,0.0
2021-07-02 00:00:00-04:00,37.0755903176138,37.0755903176138,36.787969127793794,36.97352981567383,6700,0.0,0.0,0.0
2021-07-06 00:00:00-04:00,37.06630910547101,37.06630910547101,36.296218896698846,36.546730041503906,17300,0.0,0.0,0.0
2021-07-07 00:00:00-04:00,36.50962239663703,36.73230018558649,36.18488764123509,36.44467544555664,9600,0.0,0.0,0.0
2021-07-08 00:00:00-04:00,35.83231526279314,36.04571288929866,35.56325084462558,35.85087203979492,15600,0.0,0.0,0.0
2021-07-09 00:00:00-04:00,36.25911195339371,36.6209602355957,36.25911195339371,36.6209602355957,4400,0.0,0.0,0.0
2021-07-12 00:00:00-04:00,36.407559194519024,36.760127285900154,36.38900242033958,36.6673469543457,6800,0.0,0.0,0.0
2021-07-13 00:00:00-04:00,36.61168116880658,36.61168116880658,36.3426132188753,36.426116943359375,11200,0.0,0.0,0.0
2021-07-14 00:00:00-04:00,36.5745686312215,36.63023896220413,36.18488693237305,36.18488693237305,112800,0.0,0.0,0.0
2021-07-15 00:00:00-04:00,36.09210966938594,36.296227155069374,35.96221221933189,36.17561340332031,11400,0.0,0.0,0.0
2021-07-16 00:00:00-04:00,36.26838679898119,36.26838679898119,35.60035705566406,35.60035705566406,4600,0.0,0.0,0.0
2021-07-19 00:00:00-04:00,35.07150195217524,35.22923277285073,34.72821045683636,34.89521789550781,22600,0.0,0.0,0.0
2021-07-20 00:00:00-04:00,34.82099322352786,35.72097742367523,34.82099322352786,35.59108352661133,14000,0.0,0.0,0.0
2021-07-21 00:00:00-04:00,35.82303484255875,36.07354599648454,35.74880774242831,36.01787567138672,9300,0.0,0.0,0.0
2021-07-22 00:00:00-04:00,36.00859831386759,36.01787493152186,35.80447733204481,35.841590881347656,12100,0.0,0.0,0.0
2021-07-23 00:00:00-04:00,35.999318891175506,36.008599048361944,35.832311455249,35.93437194824219,9300,0.0,0.0,0.0
2021-07-26 00:00:00-04:00,35.860143259979566,36.15704453932008,35.860143259979566,36.129207611083984,17200,0.0,0.0,0.0
2021-07-27 00:00:00-04:00,35.934377502690545,36.008604614283726,35.646752754282176,35.785926818847656,10400,0.0,0.0,0.0
2021-07-28 00:00:00-04:00,35.80448491042453,36.17561340332031,35.77665151222761,36.17561340332031,24100,0.0,0.0,0.0
2021-07-29 00:00:00-04:00,36.23127709789568,36.565292005037605,36.23127709789568,36.35189437866211,9600,0.0,0.0,0.0
2021-07-30 00:00:00-04:00,36.259107779424006,36.53745230758827,36.259107779424006,36.32405471801758,9200,0.0,0.0,0.0
2021-08-02 00:00:00-04:00,36.50961920941018,36.64879325777186,36.045710433995346,36.24055480957031,10400,0.0,0.0,0.0
2021-08-03 00:00:00-04:00,36.0271565784974,36.713739572280744,35.999319645697575,36.61167907714844,7500,0.0,0.0,0.0
2021-08-04 00:00:00-04:00,36.528180948743206,36.528180948743206,35.9993251560547,36.04571533203125,5100,0.0,0.0,0.0
2021-08-05 00:00:00-04:00,36.18488621125087,36.19416282989145,36.008602142333984,36.008602142333984,9800,0.0,0.0,0.0
2021-08-06 00:00:00-04:00,36.00859808197163,36.407559886050706,36.00859808197163,36.34260940551758,18100,0.0,0.0,0.0
2021-08-09 00:00:00-04:00,36.305502122396355,36.59312330088474,36.24055517632845,36.53745651245117,11100,0.0,0.0,0.0
2021-08-10 00:00:00-04:00,36.61168590964752,37.13126510031125,36.61168590964752,37.103431701660156,59300,0.0,0.0,0.0
2021-08-11 00:00:00-04:00,37.29827189271466,37.44672258172737,37.12198426621334,37.39105224609375,10200,0.0,0.0,0.0
2021-08-12 00:00:00-04:00,37.3168286712592,37.42816580318283,37.2240447785365,37.39105224609375,8000,0.0,0.0,0.0
2021-08-13 00:00:00-04:00,37.58588963721843,37.68795014010675,37.44671912001523,37.52094268798828,32800,0.0,0.0,0.0
2021-08-16 00:00:00-04:00,37.2611503528518,37.28898374503382,37.05702937193605,37.17764663696289,15100,0.0,0.0,0.0
2021-08-17 00:00:00-04:00,37.010640903757334,37.09414462347858,36.45395179851105,36.69518280029297,19100,0.0,0.0,0.0
2021-08-18 00:00:00-04:00,36.57456688784947,36.70446432061721,36.27766554878092,36.500343322753906,20100,0.0,0.0,0.0
2021-08-19 00:00:00-04:00,35.93436942697452,35.93436942697452,35.27561988667487,35.405513763427734,21900,0.0,0.0,0.0
2021-08-20 00:00:00-04:00,35.42407435180318,35.5818016364615,35.238510133883985,35.32201385498047,12700,0.0,0.0,0.0
2021-08-23 00:00:00-04:00,35.44263356378565,36.0271596516402,35.37768661395107,35.85087203979492,6600,0.0,0.0,0.0
2021-08-24 00:00:00-04:00,36.119937536946395,36.416838870064446,36.119937536946395,36.24055480957031,11900,0.0,0.0,0.0
2021-08-25 00:00:00-04:00,36.19415878514537,36.87146866854413,36.19415878514537,36.760128021240234,15600,0.0,0.0,0.0
2021-08-26 00:00:00-04:00,36.70446185953163,36.908579304365425,36.53745442508575,36.55601119995117,6500,0.0,0.0,0.0
2021-08-27 00:00:00-04:00,36.695178299741045,37.075583300850525,36.695178299741045,36.9364128112793,21400,0.0,0.0,0.0
2021-08-30 00:00:00-04:00,37.112702414550974,37.112702414550974,36.95497512817383,36.95497512817383,6600,0.0,0.0,0.0
2021-08-31 00:00:00-04:00,36.84364074148622,37.06631855117274,36.8158073425293,36.8158073425293,9900,0.0,0.0,0.0
2021-09-01 00:00:00-04:00,36.9085779670114,37.0291952295947,36.70446052957363,36.9178581237793,4900,0.0,0.0,0.0
2021-09-02 00:00:00-04:00,37.06631576713413,37.34466035382813,37.06631576713413,37.28899002075195,5300,0.0,0.0,0.0
2021-09-03 00:00:00-04:00,37.15909503059676,37.530223494908036,37.15909503059676,37.31682586669922,6800,0.0,0.0,0.0
2021-09-07 00:00:00-04:00,37.326100027561374,37.326100027561374,36.825077695538056,36.8714714050293,10200,0.0,0.0,0.0
2021-09-08 00:00:00-04:00,36.84362752386672,36.84362752386672,36.25910511940596,36.63022994995117,18800,0.0,0.0,0.0
2021-09-09 00:00:00-04:00,36.76941090366173,36.76941090366173,36.53745651359962,36.6209602355957,5400,0.0,0.0,0.0
2021-09-10 00:00:00-04:00,36.77868861777473,36.871472500169936,36.426116943359375,36.426116943359375,7500,0.0,0.0,0.0
2021-09-13 00:00:00-04:00,36.797243295434825,36.90858040861548,36.463228416549846,36.69518280029297,7900,0.0,0.0,0.0
2021-09-14 00:00:00-04:00,36.85291360781832,36.85291360781832,36.28694434540336,36.361167907714844,4800,0.0,0.0,0.0
2021-09-15 00:00:00-04:00,36.44467576866647,37.06631542796012,36.44467576866647,36.992088317871094,14500,0.0,0.0,0.0
2021-09-16 00:00:00-04:00,36.86218608774986,37.16836753868857,36.86218608774986,36.98280334472656,5400,0.0,0.0,0.0
2021-09-17 00:00:00-04:00,36.92713607323544,36.92713607323544,36.31477666014763,36.47250747680664,93700,0.0,0.0,0.0
2021-09-20 00:00:00-04:00,35.81375676082944,35.81375676082944,35.266344253344464,35.665306091308594,22400,0.0,0.0,0.0
2021-09-21 00:00:00-04:00,35.9158161650787,35.98076310980562,35.48902094563238,35.69314193725586,10200,0.0,0.0,0.0
2021-09-22 00:00:00-04:00,35.82303275741757,36.286941488201336,35.82303275741757,35.95292663574219,14300,0.0,0.0,0.0
2021-09-23 00:00:00-04:00,36.07354979172658,36.741576066467765,36.07354979172658,36.6024055480957,8800,0.0,0.0,0.0
2021-09-24 00:00:00-04:00,36.49106915333446,36.63023967448224,36.481788994985244,36.52817916870117,5100,0.0,0.0,0.0
2021-09-27 00:00:00-04:00,36.630237936005166,37.094146729834016,36.630237936005166,37.010643005371094,16500,0.0,0.0,0.0
2021-09-28 00:00:00-04:00,36.927138191174684,37.01064191317339,36.6766270251786,36.704463958740234,9900,0.0,0.0,0.0
2021-09-29 00:00:00-04:00,36.74157952650335,36.76941646427388,36.62096577375776,36.639522552490234,4000,0.0,0.0,0.0
2021-09-30 00:00:00-04:00,36.81579403164794,36.98280144369478,36.129207611083984,36.129207611083984,4800,0.0,0.0,0.0
2021-10-01 00:00:00-04:00,36.36116756391289,36.890023270500166,36.231273676588714,36.732295989990234,10200,0.0,0.0,0.0
2021-10-04 00:00:00-04:00,36.76012864478498,36.76012864478498,36.43539393299739,36.55601119995117,4400,0.0,0.0,0.0
2021-10-05 00:00:00-04:00,36.67662774940089,36.95497585445493,36.46323013104447,36.797245025634766,6100,0.0,0.0,0.0
2021-10-06 00:00:00-04:00,36.28694435567564,36.61167907714844,36.21271725400013,36.61167907714844,11300,0.0,0.0,0.0
2021-10-07 00:00:00-04:00,36.80652299826746,37.251878567001825,36.80652299826746,37.01992416381836,6100,0.0,0.0,0.0
2021-10-08 00:00:00-04:00,37.06631814389625,37.25188239337213,37.06631814389625,37.103431701660156,6500,0.0,0.0,0.0
2021-10-11 00:00:00-04:00,37.14053516610659,37.40960310339858,36.9085807800293,36.9085807800293,10600,0.0,0.0,0.0
2021-10-12 00:00:00-04:00,36.85291253099716,36.95497302311843,36.723018646240234,36.723018646240234,4700,0.0,0.0,0.0
2021-10-13 00:00:00-04:00,36.76941507658859,36.964255936910725,36.62096439167503,36.8343620300293,5800,0.0,0.0,0.0
2021-10-14 00:00:00-04:00,36.90858006682192,37.214761549412074,36.741572628926015,37.14981460571289,12900,0.0,0.0,0.0
2021-10-15 00:00:00-04:00,37.40960730607862,37.49311103602116,37.28899002075195,37.28899002075195,163500,0.0,0.0,0.0
2021-10-18 00:00:00-04:00,37.22403989753153,37.437437513796546,37.22403989753153,37.33538055419922,11200,0.0,0.0,0.0
2021-10-19 00:00:00-04:00,37.50238346775703,37.8271217320933,37.40032651086133,37.74361801147461,10600,0.0,0.0,0.0
2021-10-20 00:00:00-04:00,37.81784330115747,38.02196430295395,37.73433957672648,37.92918395996094,12300,0.0,0.0,0.0
2021-10-21 00:00:00-04:00,37.83639971759106,37.83639971759106,37.55805515191741,37.63228225708008,4700,0.0,0.0,0.0
2021-10-22 00:00:00-04:00,37.88279278613547,37.89206940445204,37.604444685834736,37.66939163208008,4000,0.0,0.0,0.0
2021-10-25 00:00:00-04:00,37.85495928515735,38.207530981990914,37.808569110681645,38.124027252197266,9500,0.0,0.0,0.0
2021-10-26 00:00:00-04:00,38.23536266001171,38.23536266001171,37.771453857421875,37.771453857421875,25500,0.0,0.0,0.0
2021-10-27 00:00:00-04:00,37.771446171643085,37.84567326383842,37.43743133544922,37.43743133544922,4500,0.0,0.0,0.0
2021-10-28 00:00:00-04:00,37.418885355579604,37.83640044241675,37.418885355579604,37.80856704711914,6300,0.0,0.0,0.0
2021-10-29 00:00:00-04:00,37.77145313483095,37.77145313483095,37.59516906738281,37.59516906738281,6300,0.0,0.0,0.0
2021-11-01 00:00:00-04:00,37.79000990230821,38.34670257823964,37.79000990230821,38.17969512939453,9900,0.0,0.0,0.0
2021-11-02 00:00:00-04:00,38.15185718943339,38.15185718943339,37.54877789724909,37.66939163208008,8800,0.0,0.0,0.0
2021-11-03 00:00:00-04:00,37.5673356672077,37.92918395996094,37.49310856133872,37.92918395996094,5400,0.0,0.0,0.0
2021-11-04 00:00:00-04:00,38.04980049939861,38.28175491330198,38.04980049939861,38.17041778564453,7400,0.0,0.0,0.0
2021-11-05 00:00:00-04:00,38.36525862900129,38.43948574030645,38.27247827921332,38.337425231933594,12000,0.0,0.0,0.0
2021-11-08 00:00:00-05:00,38.7085529663614,38.7085529663614,38.420928224593055,38.495155334472656,23500,0.0,0.0,0.0
2021-11-09 00:00:00-05:00,38.50443023169227,38.50443023169227,38.17041533085737,38.30958938598633,6500,0.0,0.0,0.0
2021-11-10 00:00:00-05:00,38.30959012191462,38.4858741943669,37.957018437666726,38.068355560302734,10100,0.0,0.0,0.0
2021-11-11 00:00:00-05:00,38.22608638049593,38.50443095665125,38.22608638049593,38.40237045288086,5600,0.0,0.0,0.0
2021-11-12 00:00:00-05:00,38.58793122843962,38.69926834106445,38.476594115814784,38.69926834106445,8600,0.0,0.0,0.0
2021-11-15 00:00:00-05:00,38.81988525390625,38.85699880422077,38.75493831052732,38.81988525390625,10600,0.0,0.0,0.0
2021-11-16 00:00:00-05:00,38.75494385499435,38.90339453814754,38.64360672746533,38.67144012451172,13600,0.0,0.0,0.0
2021-11-17 00:00:00-05:00,38.67143420053054,38.67143420053054,38.24463899426276,38.35597610473633,12700,0.0,0.0,0.0
2021-11-18 00:00:00-05:00,38.541545874511286,38.60649282660105,38.38381503419084,38.45804214477539,8400,0.0,0.0,0.0
2021-11-19 00:00:00-05:00,38.36525021237121,38.38380698612648,37.910621643066406,37.910621643066406,15100,0.0,0.0,0.0
2021-11-22 00:00:00-05:00,37.892070766108105,38.34670294550586,37.83640043617882,38.059078216552734,9600,0.0,0.0,0.0
2021-11-23 00:00:00-05:00,37.94774073514392,38.01268768310547,37.799290062754196,38.01268768310547,10100,0.0,0.0,0.0
2021-11-24 00:00:00-05:00,37.91990829502042,38.36526036497248,37.91990829502042,38.27248001098633,8800,0.0,0.0,0.0
2021-11-26 00:00:00-05:00,37.52094443288753,37.52094443288753,37.06631576713413,37.28899002075195,5900,0.0,0.0,0.0
2021-11-29 00:00:00-05:00,37.56733743237406,37.56733743237406,37.019924888570465,37.02920150756836,8100,0.0,0.0,0.0
2021-11-30 00:00:00-05:00,36.91786017268602,36.927136790625994,36.09210314165276,36.147769927978516,15200,0.0,0.0,0.0
2021-12-01 00:00:00-05:00,36.58384806031725,37.01992346263242,36.008602142333984,36.008602142333984,21000,0.0,0.0,0.0
2021-12-02 00:00:00-05:00,36.34261213604668,36.82507769209705,36.249831795759086,36.6209602355957,5800,0.0,0.0,0.0
2021-12-03 00:00:00-05:00,36.78796557078174,36.78796557078174,36.24982971780066,36.47250747680664,14200,0.0,0.0,0.0
2021-12-06 00:00:00-05:00,36.602406246797656,37.19620896427748,36.58384946945849,37.02920150756836,10000,0.0,0.0,0.0
2021-12-07 00:00:00-05:00,37.40032786246151,37.83639971759106,37.40032786246151,37.63228225708008,7600,0.0,0.0,0.0
2021-12-08 00:00:00-05:00,37.882792423916,37.882792423916,37.65083803544532,37.790008544921875,7900,0.0,0.0,0.0
2021-12-09 00:00:00-05:00,37.53022003173828,37.71578424677064,37.53022003173828,37.53022003173828,4200,0.0,0.0,0.0
2021-12-10 00:00:00-05:00,37.53021731130377,37.64155441651555,37.520937154586186,37.58588409423828,8300,0.0,0.0,0.0
2021-12-13 00:00:00-05:00,37.57746295432559,37.671100852575236,36.97817183259139,37.090538024902344,8300,0.371,0.0,0.0
2021-12-14 00:00:00-05:00,36.95944563293492,37.24036291565964,36.95944563293492,36.99689865112305,32100,0.0,0.0,0.0
2021-12-15 00:00:00-05:00,36.95944174831702,37.043717281482365,36.669158562512656,37.03435134887695,45800,0.0,0.0,0.0
2021-12-16 00:00:00-05:00,37.21227802349422,37.79284097400025,37.21227802349422,37.52128601074219,8200,0.0,0.0,0.0
2021-12-17 00:00:00-05:00,37.35272855745054,37.51191727759069,37.08117364030717,37.14672088623047,5600,0.0,0.0,0.0
2021-12-20 00:00:00-05:00,36.641072808620955,36.641072808620955,36.05114399757553,36.444427490234375,11800,0.0,0.0,0.0
2021-12-21 00:00:00-05:00,36.78152675824197,37.40891211097303,36.78152675824197,37.26845169067383,12700,0.0,0.0,0.0
2021-12-22 00:00:00-05:00,37.36209780577363,37.549373626708984,37.32464121276363,37.549373626708984,4400,0.0,0.0,0.0
2021-12-23 00:00:00-05:00,38.00820354457301,38.06438842755959,37.980112889108156,37.98947525024414,3600,0.0,0.0,0.0
2021-12-27 00:00:00-05:00,38.02692951864934,38.38275994507258,37.97074463909093,38.37339401245117,4800,0.0,0.0,0.0
2021-12-28 00:00:00-05:00,38.38276445615901,38.59813449502678,38.25166638844823,38.43894577026367,5700,0.0,0.0,0.0
2021-12-29 00:00:00-05:00,38.438943201155666,38.438943201155666,38.35466766357422,38.35466766357422,2200,0.0,0.0,0.0
2021-12-30 00:00:00-05:00,38.42494101216267,38.42494101216267,38.153223822473265,38.181331634521484,5400,0.025,0.0,0.0
2021-12-31 00:00:00-05:00,38.33124736287704,38.34061544249895,38.19070114887756,38.31250762939453,6400,0.0,0.0,0.0
2022-01-03 00:00:00-05:00,38.52800625888847,38.66855246214783,38.41557144082403,38.631072998046875,15700,0.0,0.0,0.0
2022-01-04 00:00:00-05:00,38.743508951065806,39.249471008535075,38.743508951065806,39.14640426635742,12700,0.0,0.0,0.0
2022-01-05 00:00:00-05:00,39.29631683710977,39.624256781923236,38.75287891240842,38.81846618652344,9500,0.0,0.0,0.0
2022-01-06 00:00:00-05:00,38.79972451780082,39.03396579201459,38.70602943781058,38.83720397949219,6100,0.0,0.0,0.0
2022-01-07 00:00:00-05:00,38.96838328604618,39.15577704317848,38.94964355290909,39.1182975769043,5200,0.0,0.0,0.0
2022-01-10 00:00:00-05:00,38.98711670832321,39.127659322743774,38.60296117679279,38.977745056152344,7900,0.0,0.0,0.0
2022-01-11 00:00:00-05:00,39.10892576462534,39.511817478782824,38.940271756727654,39.427494049072266,13800,0.0,0.0,0.0
2022-01-12 00:00:00-05:00,39.774172984050885,39.95219508321779,39.521191954136725,39.727325439453125,11800,0.0,0.0,0.0
2022-01-13 00:00:00-05:00,39.79291592349263,40.01778558537866,39.60552215576172,39.60552215576172,7300,0.0,0.0,0.0
2022-01-14 00:00:00-05:00,39.63362759115954,39.7366943359375,39.35253874355331,39.7366943359375,11500,0.0,0.0,0.0
2022-01-18 00:00:00-05:00,39.53055891725212,39.792911593221675,39.53055891725212,39.75543212890625,18200,0.0,0.0,0.0
2022-01-19 00:00:00-05:00,40.05526495017404,40.05526495017404,39.33380126953125,39.33380126953125,22600,0.0,0.0,0.0
2022-01-20 00:00:00-05:00,39.539925601776346,39.633620676552546,38.612328634844815,38.621700286865234,14400,0.0,0.0,0.0
2022-01-21 00:00:00-05:00,38.696656230763914,38.79035488122832,38.218805623228604,38.396827697753906,30300,0.0,0.0,0.0
2022-01-24 00:00:00-05:00,37.806546621185184,37.97520065307617,36.75714653604921,37.97520065307617,89500,0.0,0.0,0.0
2022-01-25 00:00:00-05:00,37.34742918556973,38.02204519640718,37.02886091092295,37.98456573486328,15400,0.0,0.0,0.0
2022-01-26 00:00:00-05:00,38.003305043489526,38.94027012624997,37.806539659688845,38.09700012207031,12000,0.0,0.0,0.0
2022-01-27 00:00:00-05:00,38.46241846119831,38.76224702145497,37.94708834664707,38.237548828125,9100,0.0,0.0,0.0
2022-01-28 00:00:00-05:00,38.08763114594566,38.35934829711914,37.75032315222623,38.35934829711914,12600,0.0,0.0,0.0
2022-01-31 00:00:00-05:00,38.3312405893821,38.67791666195085,38.28439305107357,38.668548583984375,9600,0.0,0.0,0.0
2022-02-01 00:00:00-05:00,38.78099101518723,39.21199417114258,38.77162293537897,39.21199417114258,7400,0.0,0.0,0.0
2022-02-02 00:00:00-05:00,39.16514537006002,39.3525391283762,38.912164332468954,39.315059661865234,9500,0.0,0.0,0.0
2022-02-03 00:00:00-05:00,39.05270552286028,39.193251717083825,38.83720397949219,38.83720397949219,5500,0.0,0.0,0.0
2022-02-04 00:00:00-05:00,38.66855370985615,39.06207737289861,38.51863942285352,38.87468719482422,5000,0.0,0.0,0.0
2022-02-07 00:00:00-05:00,39.04333795843504,39.296318989983426,38.93090313582639,39.03396987915039,13800,0.0,0.0,0.0
2022-02-08 00:00:00-05:00,39.39001215115211,39.849123030971136,39.324424882606536,39.83038330078125,7700,0.0,0.0,0.0
2022-02-09 00:00:00-05:00,40.32698464857326,40.551854303825344,40.32698464857326,40.523746490478516,78900,0.0,0.0,0.0
2022-02-10 00:00:00-05:00,40.31761306100766,41.114035658120024,40.28950524761456,40.48626708984375,14400,0.0,0.0,0.0
2022-02-11 00:00:00-05:00,40.486266206975316,40.90790126987111,40.19580927694384,40.51437759399414,19900,0.0,0.0,0.0
2022-02-14 00:00:00-05:00,40.448780686277125,40.448780686277125,39.633622069513116,39.98966979980469,33100,0.0,0.0,0.0
2022-02-15 00:00:00-05:00,40.092737079192105,40.50500043227485,40.00841007807993,40.38319396972656,27900,0.0,0.0,0.0
2022-02-16 00:00:00-05:00,40.336345470964524,40.720501005955114,40.28949793240237,40.683021545410156,13700,0.0,0.0,0.0
2022-02-17 00:00:00-05:00,40.59870518036166,40.68302861989392,40.223917658215434,40.32698440551758,129600,0.0,0.0,0.0
2022-02-18 00:00:00-05:00,40.32697841033644,40.32697841033644,39.68984186195052,39.76479721069336,14000,0.0,0.0,0.0
2022-02-22 00:00:00-05:00,39.46497155075782,39.69921284083109,38.902793884277344,38.902793884277344,52200,0.0,0.0,0.0
2022-02-23 00:00:00-05:00,39.28695487115121,39.28695487115121,38.45305633544922,38.45305633544922,17500,0.0,0.0,0.0
2022-02-24 00:00:00-05:00,37.83465508018632,38.66855352095465,37.47860730995497,38.640445709228516,32700,0.0,0.0,0.0
2022-02-25 00:00:00-05:00,39.26820783999119,39.811649322509766,38.837204744762275,39.811649322509766,18500,0.0,0.0,0.0
2022-02-28 00:00:00-05:00,39.53055629545555,40.27075958251953,39.53055629545555,40.27075958251953,28500,0.0,0.0,0.0
2022-03-01 00:00:00-05:00,40.25202049622702,40.430046155649855,39.58677612216871,39.811649322509766,32200,0.0,0.0,0.0
2022-03-02 00:00:00-05:00,40.33634857890523,41.123399439801645,40.205174031128884,40.945377349853516,115400,0.0,0.0,0.0
2022-03-03 00:00:00-05:00,41.32953274858622,41.413859753852364,40.8704182589731,41.254573822021484,185800,0.0,0.0,0.0
2022-03-04 00:00:00-05:00,41.22646950186353,41.63873291015625,40.701767694204804,41.63873291015625,138200,0.0,0.0,0.0
2022-03-07 00:00:00-05:00,42.19153824898456,42.86615427976664,41.04844323200614,41.17024612426758,353100,0.0,0.0,0.0
2022-03-08 00:00:00-05:00,41.34826888870055,41.62935769042612,40.28949737548828,40.28949737548828,162300,0.0,0.0,0.0
2022-03-09 00:00:00-05:00,40.39257011719622,41.06718620116664,40.28950337389645,40.814205169677734,130500,0.0,0.0,0.0
2022-03-10 00:00:00-05:00,41.638725504033175,41.88233841842368,40.804827182036924,41.87296676635742,116800,0.0,0.0,0.0
2022-03-11 00:00:00-05:00,42.63192017941691,42.63192017941691,41.80738973340174,41.93856430053711,98000,0.0,0.0,0.0
2022-03-14 00:00:00-04:00,42.30397959258547,42.30397959258547,41.35764275281657,41.77927780151367,207000,0.0,0.0,0.0
2022-03-15 00:00:00-04:00,42.00415045499806,42.00415045499806,41.03907389554992,41.619991302490234,73500,0.0,0.0,0.0
2022-03-16 00:00:00-04:00,42.266502604422094,42.31335015163658,40.92664202350322,41.610626220703125,92500,0.0,0.0,0.0
2022-03-17 00:00:00-04:00,41.947932691919405,42.725611954117184,41.72305946986593,42.64128494262695,101900,0.0,0.0,0.0
2022-03-18 00:00:00-04:00,42.66002293140488,43.25031198770124,42.631915120136924,43.240943908691406,98500,0.0,0.0,0.0
2022-03-21 00:00:00-04:00,44.01862683225942,44.430890253811754,43.69069042582447,44.40278244018555,166300,0.0,0.0,0.0
2022-03-22 00:00:00-04:00,44.8150424380101,44.87125805648432,44.27160096450459,44.48710250854492,89700,0.0,0.0,0.0
2022-03-23 00:00:00-04:00,44.87125932973401,44.964957986913475,44.468364039458066,44.730716705322266,167800,0.0,0.0,0.0
2022-03-24 00:00:00-04:00,45.03054841302811,45.35848480052382,44.83378300629213,45.1898307800293,156100,0.0,0.0,0.0
2022-03-25 00:00:00-04:00,45.873809753829846,45.91128921508789,45.35847967136527,45.91128921508789,233000,0.0,0.0,0.0
2022-03-28 00:00:00-04:00,46.023732525242636,46.023732525242636,45.05865945214624,45.377227783203125,651100,0.0,0.0,0.0
2022-03-29 00:00:00-04:00,45.152351627992616,45.152351627992616,43.700056285197384,44.262237548828125,212400,0.0,0.0,0.0
2022-03-30 00:00:00-04:00,44.4027775782709,45.03991416178544,44.4027775782709,44.74008560180664,120900,0.0,0.0,0.0
2022-03-31 00:00:00-04:00,44.59954101518699,44.92748097182482,44.477738115574965,44.56206512451172,68600,0.0,0.0,0.0
2022-04-01 00:00:00-04:00,44.97432527241786,45.246046012089224,44.59016972035215,44.91810607910156,68300,0.0,0.0,0.0
2022-04-04 00:00:00-04:00,45.22730509292241,45.22730509292241,44.5245812790005,44.98369216918945,128400,0.0,0.0,0.0
2022-04-05 00:00:00-04:00,45.180459663005394,45.414700945249535,44.58080255233854,44.655757904052734,71000,0.0,0.0,0.0
2022-04-06 00:00:00-04:00,44.655758458546025,44.84315220151587,44.17790780949934,44.46836471557617,228800,0.0,0.0,0.0
2022-04-07 00:00:00-04:00,44.599540774800076,45.03991554956716,44.40277894642101,44.90874099731445,110700,0.0,0.0,0.0
2022-04-08 00:00:00-04:00,45.3022641768611,45.71453113587081,45.161721547030155,45.60209274291992,167700,0.0,0.0,0.0
2022-04-11 00:00:00-04:00,45.75201347529549,45.84570856773736,45.34911814416586,45.667686462402344,162500,0.0,0.0,0.0
2022-04-12 00:00:00-04:00,45.967515047302726,46.098689606416805,45.51777216995215,45.667686462402344,148400,0.0,0.0,0.0
2022-04-13 00:00:00-04:00,45.91128633153152,46.229854583740234,45.639565615833924,46.229854583740234,156400,0.0,0.0,0.0
2022-04-14 00:00:00-04:00,46.370409609073036,46.941955382267444,46.304818756365584,46.70771408081055,216000,0.0,0.0,0.0
2022-04-18 00:00:00-04:00,46.67960482587694,47.20430661165172,46.55779835209666,46.9232177734375,337300,0.0,0.0,0.0
2022-04-19 00:00:00-04:00,46.9232197795758,46.93258785908011,46.398517971368115,46.867000579833984,533900,0.0,0.0,0.0
2022-04-20 00:00:00-04:00,47.260517204781,47.316736396135795,46.539053666466,46.988800048828125,205000,0.0,0.0,0.0
2022-04-21 00:00:00-04:00,47.33547751347773,47.41980451586157,45.48965511365259,45.64894104003906,224800,0.0,0.0,0.0
2022-04-22 00:00:00-04:00,45.57398597352725,45.57398597352725,44.05610337637907,44.17790985107422,188100,0.0,0.0,0.0
2022-04-25 00:00:00-04:00,43.41896815000364,43.41896815000364,41.99478059613403,43.10976791381836,409500,0.0,0.0,0.0
2022-04-26 00:00:00-04:00,42.941114882518356,43.334638533021625,42.444520918576735,42.463260650634766,157000,0.0,0.0,0.0
2022-04-27 00:00:00-04:00,42.847413649784656,43.55013747569806,42.388302751761294,43.28778839111328,199800,0.0,0.0,0.0
2022-04-28 00:00:00-04:00,43.50329221012181,43.56887948469734,42.57569513875046,43.4283332824707,164200,0.0,0.0,0.0
2022-04-29 00:00:00-04:00,43.409596893461575,43.85933973425634,42.5475871012595,42.65065383911133,80000,0.0,0.0,0.0
2022-05-02 00:00:00-04:00,42.60380511567693,42.894262015129364,42.03225582106136,42.71623992919922,133700,0.0,0.0,0.0
2022-05-03 00:00:00-04:00,42.99733381661097,43.643842112579996,42.753724429567846,43.5032958984375,92400,0.0,0.0,0.0
2022-05-04 00:00:00-04:00,43.69068722515388,44.33719191086665,43.165985439057536,44.21538543701172,168500,0.0,0.0,0.0
2022-05-05 00:00:00-04:00,44.02799472469218,44.037362803687614,42.42578157434955,42.93174362182617,158900,0.0,0.0,0.0
2022-05-06 00:00:00-04:00,42.80056994065877,42.80056994065877,41.7886458251316,42.36019515991211,172800,0.0,0.0,0.0
2022-05-09 00:00:00-04:00,41.685584705499274,41.69495278514551,40.16769845762189,40.32698440551758,229400,0.0,0.0,0.0
2022-05-10 00:00:00-04:00,40.842307064569695,41.32952932415576,40.06462434996943,40.56121826171875,113000,0.0,0.0,0.0
2022-05-11 00:00:00-04:00,40.72987483948581,41.61998884255075,40.56122083223938,40.66428756713867,211100,0.0,0.0,0.0
2022-05-12 00:00:00-04:00,40.39257311782553,40.71114145067265,39.83976346889195,40.458160400390625,143500,0.0,0.0,0.0
2022-05-13 00:00:00-04:00,40.936004924328564,41.76053523309715,40.936004924328564,41.47944641113281,114100,0.0,0.0,0.0
2022-05-16 00:00:00-04:00,41.68558550292787,42.35082997193652,41.68558550292787,42.07910919189453,289200,0.0,0.0,0.0
2022-05-17 00:00:00-04:00,42.79120257434071,43.14725038113133,42.378939138325535,43.10040283203125,141200,0.0,0.0,0.0
2022-05-18 00:00:00-04:00,42.85678919549089,42.85678919549089,41.5825159702012,41.77927780151367,191400,0.0,0.0,0.0
2022-05-19 00:00:00-04:00,41.52630079705176,42.378939056282604,41.23584027441134,41.976043701171875,107800,0.0,0.0,0.0
2022-05-20 00:00:00-04:00,41.82612689080455,41.92919363698594,39.78354242322011,40.43941879272461,237900,0.0,0.0,0.0
2022-05-23 00:00:00-04:00,40.8048274742691,41.9198181784301,40.61743374822004,41.83549118041992,96200,0.0,0.0,0.0
2022-05-24 00:00:00-04:00,41.460708874756946,41.78864525537037,41.00159436765968,41.657470703125,343100,0.0,0.0,0.0
2022-05-25 00:00:00-04:00,41.498194164127995,42.116591121681466,41.498194164127995,41.910457611083984,70100,0.0,0.0,0.0
2022-05-26 00:00:00-04:00,42.09784892578419,42.26650295655241,41.85423595945731,42.07910919189453,97700,0.0,0.0,0.0
2022-05-27 00:00:00-04:00,42.33208479687593,42.60380554199219,41.95729731573362,42.60380554199219,142500,0.0,0.0,0.0
2022-05-31 00:00:00-04:00,42.809935768261,43.18472325227883,42.59443421593417,42.76308822631836,192600,0.0,0.0,0.0
2022-06-01 00:00:00-04:00,42.959850638862974,43.01606983451167,41.67620938591091,41.99477767944336,200900,0.0,0.0,0.0
2022-06-02 00:00:00-04:00,42.229020787702964,43.02543976875962,42.21028105501194,42.94111633300781,66800,0.0,0.0,0.0
2022-06-03 00:00:00-04:00,42.59443249751097,42.70687088272312,42.30397560464172,42.435150146484375,115100,0.0,0.0,0.0
2022-06-06 00:00:00-04:00,43.10976519389529,43.10976519389529,42.397673249007795,42.5382194519043,101700,0.0,0.0,0.0
2022-06-07 00:00:00-04:00,42.2758667781134,42.5382194519043,41.99477794655882,42.5382194519043,344000,0.0,0.0,0.0
2022-06-08 00:00:00-04:00,42.22902009512532,42.22902009512532,41.554404026266575,41.619991302490234,143900,0.0,0.0,0.0
2022-06-09 00:00:00-04:00,41.33069507779548,41.528583997224885,40.802987697937965,40.87837600708008,251400,0.253,0.0,0.0
2022-06-10 00:00:00-04:00,40.331822324496045,40.59567781684828,39.77584611538912,39.907772064208984,236900,0.0,0.0,0.0
2022-06-13 00:00:00-04:00,38.99371890909863,39.16333904255447,38.46601142782346,38.6356315612793,158600,0.0,0.0,0.0
2022-06-14 00:00:00-04:00,38.776977928510995,39.31410708442503,38.68274253598321,39.003135681152344,128800,0.0,0.0,0.0
2022-06-15 00:00:00-04:00,39.417759857198114,39.70045881407495,38.83351127231208,39.323524475097656,69600,0.0,0.0,0.0
2022-06-16 00:00:00-04:00,38.31523340726583,38.682742450530675,37.844067229805745,38.070228576660156,268900,0.0,0.0,0.0
2022-06-17 00:00:00-04:00,37.985418274805035,38.25869192397961,37.46713260718701,37.74040985107422,189400,0.0,0.0,0.0
2022-06-21 00:00:00-04:00,38.35292644711082,38.75812963550139,38.26811639384971,38.4942741394043,93600,0.0,0.0,0.0
2022-06-22 00:00:00-04:00,37.82521913490419,38.03253339772374,37.53309841334489,37.67444610595703,131300,0.0,0.0,0.0
2022-06-23 00:00:00-04:00,37.69329513777337,37.69329513777337,35.90286218084404,36.00651931762695,361500,0.0,0.0,0.0
2022-06-24 00:00:00-04:00,36.20440650560869,37.25039597031212,36.14786886624909,37.12789535522461,123300,0.0,0.0,0.0
2022-06-27 00:00:00-04:00,37.31635902089233,37.88176057861044,37.31635902089233,37.730987548828125,88200,0.0,0.0,0.0
2022-06-28 00:00:00-04:00,38.17388087824827,38.588509401583764,37.580214102092974,37.61790466308594,50000,0.0,0.0,0.0
2022-06-29 00:00:00-04:00,37.74983475148153,37.74983475148153,37.08077605957127,37.24097442626953,67500,0.0,0.0,0.0
2022-06-30 00:00:00-04:00,36.76038400645999,37.26924434669916,36.56249507238232,36.93000411987305,90000,0.0,0.0,0.0
2022-07-01 00:00:00-04:00,36.75096304074184,37.15616625415268,36.26094976883308,36.939430236816406,55400,0.0,0.0,0.0
2022-07-05 00:00:00-04:00,36.2232539961821,36.2232539961821,35.507082996674285,35.93113327026367,205700,0.0,0.0,0.0
2022-07-06 00:00:00-04:00,35.77093429972083,35.921707328376804,35.15842044349268,35.648433685302734,83700,0.0,0.0,0.0
2022-07-07 00:00:00-04:00,36.260944844985936,36.84518983824139,36.260944844985936,36.760379791259766,59200,0.0,0.0,0.0
2022-07-08 00:00:00-04:00,36.80750424972719,36.90173605033576,36.40230103662735,36.66615295410156,20300,0.0,0.0,0.0
2022-07-11 00:00:00-04:00,36.38345429879304,36.51538025876744,36.23268125957761,36.28921890258789,35100,0.0,0.0,0.0
2022-07-12 00:00:00-04:00,35.968827276251304,36.41172467048938,35.94998379092083,36.034793853759766,30500,0.0,0.0,0.0
2022-07-13 00:00:00-04:00,35.63900802465711,36.289216030810245,35.62016094690756,36.081905364990234,29000,0.0,0.0,0.0
2022-07-14 00:00:00-04:00,35.262074505596864,35.37515697480884,34.88514372569478,35.328041076660156,91100,0.0,0.0,0.0
2022-07-15 00:00:00-04:00,35.53534987134392,35.846321253189984,35.36572977119377,35.68612289428711,143400,0.0,0.0,0.0
2022-07-18 00:00:00-04:00,36.08191071266367,36.59077110318179,35.83690226031952,35.8840217590332,132500,0.0,0.0,0.0
2022-07-19 00:00:00-04:00,36.20440574425575,37.11846923828125,36.20440574425575,37.11846923828125,58500,0.0,0.0,0.0
2022-07-20 00:00:00-04:00,37.118470786686096,37.26924381928485,36.85461887831642,37.1938591003418,43300,0.0,0.0,0.0
2022-07-21 00:00:00-04:00,37.061930883616746,37.325782775878906,36.82634780989341,37.325782775878906,85600,0.0,0.0,0.0
2022-07-22 00:00:00-04:00,37.467134265595675,37.655601462643205,36.96769924892558,37.05250930786133,61500,0.0,0.0,0.0
2022-07-25 00:00:00-04:00,37.278669051271116,38.01368713378906,37.278669051271116,38.01368713378906,69800,0.0,0.0,0.0
2022-07-26 00:00:00-04:00,38.03253592247062,38.2398501990525,37.76868400297573,37.92887878417969,65400,0.0,0.0,0.0
2022-07-27 00:00:00-04:00,38.089073805262835,38.72043838123259,37.77810598314439,38.5885124206543,60600,0.0,0.0,0.0
2022-07-28 00:00:00-04:00,38.767553322619854,38.96544225858915,38.305812472024826,38.79582214355469,38400,0.0,0.0,0.0
2022-07-29 00:00:00-04:00,38.9560198415316,39.709885009337846,38.9560198415316,39.60622787475586,97200,0.0,0.0,0.0
2022-08-01 00:00:00-04:00,39.58737791074311,39.58737791074311,39.20102181573392,39.45545196533203,88400,0.0,0.0,0.0
2022-08-02 00:00:00-04:00,39.37064378142817,39.6344992794681,38.9465971067128,39.153907775878906,62500,0.0,0.0,0.0
2022-08-03 00:00:00-04:00,39.276412194932945,39.361222249269964,38.937171977584875,39.21044921875,55300,0.0,0.0,0.0
2022-08-04 00:00:00-04:00,39.14448567211381,39.427184650879894,38.86178669334773,39.257564544677734,65900,0.0,0.0,0.0
2022-08-05 00:00:00-04:00,38.937175212409734,39.596808623752864,38.89948105297004,39.530845642089844,23800,0.0,0.0,0.0
2022-08-08 00:00:00-04:00,39.860654060272,40.19047250959879,39.68161222415446,39.766422271728516,28600,0.0,0.0,0.0
2022-08-09 00:00:00-04:00,39.78527413771066,40.13393611094805,39.78527413771066,39.88893127441406,42500,0.0,0.0,0.0
2022-08-10 00:00:00-04:00,40.49202252941704,40.755874439061294,40.303555339080006,40.64279556274414,46200,0.0,0.0,0.0
2022-08-11 00:00:00-04:00,40.92549380667786,41.283581102335276,40.85953083046632,40.906646728515625,49900,0.0,0.0,0.0
2022-08-12 00:00:00-04:00,41.10453781264925,41.66051406609639,40.9914589324586,41.59455108642578,32100,0.0,0.0,0.0
2022-08-15 00:00:00-04:00,41.04800280294029,41.40608654563214,40.95376740114268,41.358970642089844,46000,0.0,0.0,0.0
2022-08-16 00:00:00-04:00,41.1516523867981,41.72647570086851,41.1516523867981,41.57570266723633,42000,0.0,0.0,0.0
2022-08-17 00:00:00-04:00,41.39666005934556,41.57570191017586,41.123382817515676,41.45320129394531,29700,0.0,0.0,0.0
2022-08-18 00:00:00-04:00,41.406083699125425,41.603976231939555,41.32127364069445,41.48147201538086,53300,0.0,0.0,0.0
2022-08-19 00:00:00-04:00,41.095115661621094,41.1799257195986,40.79356958763725,41.095115661621094,48500,0.0,0.0,0.0
2022-08-22 00:00:00-04:00,40.55798665333456,41.10453756657812,40.52029249525907,40.93491744995117,33400,0.0,0.0,0.0
2022-08-23 00:00:00-04:00,41.08568849607636,41.88667314014858,41.08568849607636,41.66993713378906,89700,0.0,0.0,0.0
2022-08-24 00:00:00-04:00,41.72647840942812,42.24476411622497,41.66994076484148,42.21649169921875,162700,0.0,0.0,0.0
2022-08-25 00:00:00-04:00,42.4049570558939,43.168247576996585,42.4049570558939,43.12112808227539,191900,0.0,0.0,0.0
2022-08-26 00:00:00-04:00,43.375556055581605,43.422675547912476,42.39553316309813,42.433223724365234,319900,0.0,0.0,0.0
2022-08-29 00:00:00-04:00,42.22591306694586,42.66880681832884,42.00917706207492,42.376686096191406,88700,0.0,0.0,0.0
2022-08-30 00:00:00-04:00,42.3484176406285,42.40495887989834,41.161080373665015,41.28358459472656,195000,0.0,0.0,0.0
2022-08-31 00:00:00-04:00,41.217619281727416,41.217619281727416,40.755874840588206,40.812416076660156,79400,0.0,0.0,0.0
2022-09-01 00:00:00-04:00,40.369517707761396,40.47317484061936,39.964314512796236,40.41663360595703,161800,0.0,0.0,0.0
2022-09-02 00:00:00-04:00,40.84068579921077,41.08569063817419,40.38836668478482,40.44490432739258,149700,0.0,0.0,0.0
2022-09-06 00:00:00-04:00,40.70875460041249,40.75587049475877,39.88892653570789,40.03969955444336,60200,0.0,0.0,0.0
2022-09-07 00:00:00-04:00,39.72873406093908,40.50144634565514,39.51199803910046,40.45433044433594,40600,0.0,0.0,0.0
2022-09-08 00:00:00-04:00,40.13393522724794,40.7087585401552,40.04912517133191,40.64279556274414,90600,0.0,0.0,0.0
2022-09-09 00:00:00-04:00,41.17992821361589,41.47204896845379,41.0480022475971,41.34954833984375,124500,0.0,0.0,0.0
2022-09-12 00:00:00-04:00,41.68878973335523,41.68878973335523,40.73703193294705,41.038578033447266,62600,0.0,0.0,0.0
2022-09-13 00:00:00-04:00,40.36009669685588,41.02915180960206,40.105666528337046,40.209320068359375,42300,0.0,0.0,0.0
2022-09-14 00:00:00-04:00,40.24701350842555,40.463749515958796,39.99258334443975,40.3600959777832,107700,0.0,0.0,0.0
2022-09-15 00:00:00-04:00,40.199901174990075,40.303558317070205,39.69104080189469,39.75700378417969,45600,0.0,0.0,0.0
2022-09-16 00:00:00-04:00,39.417762709429816,39.417762709429816,38.748704029597064,39.14448547363281,58300,0.0,0.0,0.0
2022-09-19 00:00:00-04:00,38.72986113035343,39.98316497785352,38.72986113035343,39.91720199584961,46500,0.0,0.0,0.0
2022-09-20 00:00:00-04:00,39.58738250550811,39.66277082290015,39.16333580167276,39.521419525146484,30700,0.0,0.0,0.0
2022-09-21 00:00:00-04:00,39.719306617249785,39.86065430091835,39.03140089682259,39.05967330932617,26500,0.0,0.0,0.0
2022-09-22 00:00:00-04:00,39.219867648473034,39.38006600189807,38.85235864228517,38.890052795410156,43100,0.0,0.0,0.0
2022-09-23 00:00:00-04:00,38.15503519362073,38.15503519362073,36.835768577748,37.203277587890625,177100,0.0,0.0,0.0
2022-09-26 00:00:00-04:00,36.88288534650895,37.45770861998216,36.65672760938952,36.72269058227539,53200,0.0,0.0,0.0
2022-09-27 00:00:00-04:00,37.09020594467547,37.5519468338482,36.77923450956021,37.03366470336914,48200,0.0,0.0,0.0
2022-09-28 00:00:00-04:00,36.94885279419232,37.97599526101186,36.901736892812366,37.88176345825195,290100,0.0,0.0,0.0
2022-09-29 00:00:00-04:00,37.504824776098744,37.542518930784546,36.71326550125912,37.109046936035156,216000,0.0,0.0,0.0
2022-09-30 00:00:00-04:00,37.090199231803545,37.34462937956373,36.76038077594595,36.88288497924805,73500,0.0,0.0,0.0
2022-10-03 00:00:00-04:00,37.47656080590705,37.98542117586099,37.3634819219327,37.83464813232422,78000,0.0,0.0,0.0
2022-10-04 00:00:00-04:00,38.33408096388238,39.17275619506836,38.33408096388238,39.17275619506836,63100,0.0,0.0,0.0
2022-10-05 00:00:00-04:00,38.739283370396876,39.050251175737166,38.58851033862618,38.83351516723633,42600,0.0,0.0,0.0
2022-10-06 00:00:00-04:00,38.66389239263731,38.99371084827124,38.54139178413066,38.739280700683594,49300,0.0,0.0,0.0
2022-10-07 00:00:00-04:00,38.45658472297674,38.69216781185741,37.99484028709706,38.40004348754883,49300,0.0,0.0,0.0
2022-10-10 00:00:00-04:00,38.59793568777807,38.927754196966156,38.58851394509862,38.72043991088867,105400,0.0,0.0,0.0
2022-10-11 00:00:00-04:00,38.56023634233673,39.01255901381038,38.032532550138264,38.42831039428711,21800,0.0,0.0,0.0
2022-10-12 00:00:00-04:00,38.45658260667697,38.48485142547894,38.01368527364629,38.31523132324219,73500,0.0,0.0,0.0
2022-10-13 00:00:00-04:00,37.759253079352746,39.42718159805202,37.60848006270428,39.323524475097656,44600,0.0,0.0,0.0
2022-10-14 00:00:00-04:00,39.46487838266449,39.46487838266449,37.60848257068013,37.66502380371094,38700,0.0,0.0,0.0
2022-10-17 00:00:00-04:00,38.23042356944884,38.72043682816594,38.23042356944884,38.51312255859375,41600,0.0,0.0,0.0
2022-10-18 00:00:00-04:00,39.28583238123998,39.5214154567697,38.720434437853626,39.13505935668945,76300,0.0,0.0,0.0
2022-10-19 00:00:00-04:00,38.946604322978956,39.2858410066646,38.76755884564997,38.98429489135742,62500,0.0,0.0,0.0
2022-10-20 00:00:00-04:00,39.28583658273599,39.61565508057812,38.83351746071032,39.03140640258789,35100,0.0,0.0,0.0
2022-10-21 00:00:00-04:00,38.94660186027466,39.94547195605081,38.70159341038438,39.87950897216797,55500,0.0,0.0,0.0
2022-10-24 00:00:00-04:00,39.87007840321053,39.89834722012723,39.34237105425466,39.643917083740234,44200,0.0,0.0,0.0
2022-10-25 00:00:00-04:00,39.64392248460854,40.41663473977439,39.55911242759216,40.37894058227539,64600,0.0,0.0,0.0
2022-10-26 00:00:00-04:00,40.64279556274414,40.9631887079033,40.435481293902136,40.64279556274414,37700,0.0,0.0,0.0
2022-10-27 00:00:00-04:00,40.831264851264685,41.25531155792254,40.76529827575115,40.78414535522461,98500,0.0,0.0,0.0
2022-10-28 00:00:00-04:00,40.708758174871264,40.972610082147945,40.32240205576785,40.74645233154297,31300,0.0,0.0,0.0
2022-10-31 00:00:00-04:00,40.774725337557605,41.35897044709618,40.70876235396678,40.97261428833008,58700,0.0,0.0,0.0
2022-11-01 00:00:00-04:00,41.50031943805967,41.50031943805967,40.77472306430079,41.10453796386719,105600,0.0,0.0,0.0
2022-11-02 00:00:00-04:00,41.03857360069422,41.53801219640556,40.42605972290039,40.42605972290039,66900,0.0,0.0,0.0
2022-11-03 00:00:00-04:00,39.851239384834955,40.4354844857569,39.40834199178884,40.14336013793945,44500,0.0,0.0,0.0
2022-11-04 00:00:00-04:00,41.057422424808856,41.22704254456925,40.369520203430724,40.67106628417969,108500,0.0,0.0,0.0
2022-11-07 00:00:00-05:00,40.91606712828609,40.94433954195848,40.5391363615415,40.88779830932617,64600,0.0,0.0,0.0
2022-11-08 00:00:00-05:00,41.18934129717011,41.88666873558855,41.07626243502817,41.71704864501953,72900,0.0,0.0,0.0
2022-11-09 00:00:00-05:00,41.387237896917235,41.55685801901221,40.64279802184802,40.68048858642578,64700,0.0,0.0,0.0
2022-11-10 00:00:00-05:00,41.83955707586589,41.88667297363281,41.31184967462366,41.88667297363281,97200,0.0,0.0,0.0
2022-11-11 00:00:00-05:00,42.00917500516504,42.29187397181949,41.39665758182008,41.52858352661133,95600,0.0,0.0,0.0
2022-11-14 00:00:00-05:00,41.51916064947561,42.01859559672444,41.424925266694125,41.6228141784668,58500,0.0,0.0,0.0
2022-11-15 00:00:00-05:00,42.18821882248619,42.18821882248619,41.35896536601835,41.83013153076172,33100,0.0,0.0,0.0
2022-11-16 00:00:00-05:00,41.74532314765417,41.81128612578058,41.3778140996034,41.4720458984375,32200,0.0,0.0,0.0
2022-11-17 00:00:00-05:00,41.11395974515175,41.509737590403155,40.859529589756214,41.43435287475586,85400,0.0,0.0,0.0
2022-11-18 00:00:00-05:00,41.688787225904136,41.688787225904136,41.22704276525957,41.387237548828125,127500,0.0,0.0,0.0
2022-11-21 00:00:00-05:00,41.29300574610696,41.50032002574895,40.88780252392281,41.387237548828125,30000,0.0,0.0,0.0
2022-11-22 00:00:00-05:00,41.71705535720414,42.16937447326129,41.613398219099054,42.14110565185547,71300,0.0,0.0,0.0
2022-11-23 00:00:00-05:00,42.25418227892211,42.76304260536795,42.25418227892211,42.60284423828125,37400,0.0,0.0,0.0
2022-11-25 00:00:00-05:00,42.71592900936734,42.97035559158934,42.5651523758835,42.80073547363281,74200,0.0,0.0,0.0
2022-11-28 00:00:00-05:00,42.56514833895506,42.829003827814624,42.21648639387317,42.35783767700195,69500,0.0,0.0,0.0
2022-11-29 00:00:00-05:00,42.52745818107554,42.697078284549285,42.40495397418617,42.5839958190918,17800,0.0,0.0,0.0
2022-11-30 00:00:00-05:00,42.77246458395741,43.04574182686341,42.084562403158316,42.989200592041016,29300,0.0,0.0,0.0
2022-12-01 00:00:00-05:00,43.1022796920356,43.224780299171684,42.24475746852131,42.3389892578125,191700,0.0,0.0,0.0
2022-12-02 00:00:00-05:00,42.15994957011744,42.80073224045492,42.15994957011744,42.697078704833984,478300,0.0,0.0,0.0
2022-12-05 00:00:00-05:00,42.4709170197356,42.555727071615024,41.66051065615718,41.76416778564453,33200,0.0,0.0,0.0
2022-12-06 00:00:00-05:00,41.99975430138113,42.084564360202315,41.3589679891128,41.59455108642578,43500,0.0,0.0,0.0
2022-12-07 00:00:00-05:00,41.538009834581295,41.78301465282548,41.42492736950323,41.70762634277344,46200,0.0,0.0,0.0
2022-12-08 00:00:00-05:00,41.94321594847077,41.95264128605066,41.60397928456865,41.74532699584961,67000,0.0,0.0,0.0
2022-12-09 00:00:00-05:00,41.83013399128031,41.92436938659961,41.41550903601374,41.48147201538086,23600,0.0,0.0,0.0
2022-12-12 00:00:00-05:00,41.46261865276052,41.54742869833875,41.21761385148577,41.50031280517578,37600,0.0,0.0,0.0
2022-12-13 00:00:00-05:00,42.31505188712461,42.31505188712461,41.54499819103725,41.649574279785156,45400,0.387,0.0,0.0
2022-12-14 00:00:00-05:00,41.78267014862544,41.88724623824277,41.27880386470386,41.478450775146484,58600,0.0,0.0,0.0
2022-12-15 00:00:00-05:00,41.04113364596789,41.04113364596789,40.58480457025586,40.7939567565918,165500,0.0,0.0,0.0
2022-12-16 00:00:00-05:00,40.44220130357236,40.793954264629036,40.29009162096021,40.73691177368164,92700,0.0,0.0,0.0
2022-12-19 00:00:00-05:00,40.908038083249274,41.079161939814895,40.39467014013352,40.58480453491211,63200,0.0,0.0,0.0
2022-12-20 00:00:00-05:00,40.48973453653367,41.012611339165574,40.48973453653367,40.80345916748047,102400,0.0,0.0,0.0
2022-12-21 00:00:00-05:00,41.06014921851212,41.44993054404099,40.88902535593055,41.259796142578125,26600,0.0,0.0,0.0
2022-12-22 00:00:00-05:00,41.10768368028971,41.10768368028971,40.28058385792112,40.746421813964844,124400,0.0,0.0,0.0
2022-12-23 00:00:00-05:00,40.803464522548566,41.02212561796067,40.72741148523329,40.9555778503418,22000,0.0,0.0,0.0
2022-12-27 00:00:00-05:00,41.193247017579,41.36436724793322,41.02212316064365,41.10768508911133,80300,0.0,0.0,0.0
2022-12-28 00:00:00-05:00,41.25979255504762,41.25979255504762,40.52776356800538,40.56578826904297,59600,0.0,0.0,0.0
2022-12-29 00:00:00-05:00,40.75592767103724,41.02212234686777,40.6703657442669,40.82247543334961,271500,0.0,0.0,0.0
2022-12-30 00:00:00-05:00,40.67036401420013,40.73691177368164,40.470720735755606,40.73691177368164,67100,0.0,0.0,0.0
2023-01-03 00:00:00-05:00,40.76543663800347,40.77494190695859,40.023898729167215,40.19502258300781,238300,0.0,0.0,0.0
2023-01-04 00:00:00-05:00,40.29959847376717,40.337626802560415,39.87178884129576,40.15699768066406,165700,0.0,0.0,0.0
2023-01-05 00:00:00-05:00,40.19502101151446,40.252063502758176,39.76721502021985,40.004886627197266,133200,0.0,0.0,0.0
2023-01-06 00:00:00-05:00,40.27108014757775,41.1457099743811,40.27108014757775,41.041133880615234,37000,0.0,0.0,0.0
2023-01-09 00:00:00-05:00,41.30733031402468,41.57352138101783,41.12669755292394,41.23127365112305,39000,0.0,0.0,0.0
2023-01-10 00:00:00-05:00,41.278806681459415,41.41190583969716,41.069658114534015,41.259796142578125,23100,0.0,0.0,0.0
2023-01-11 00:00:00-05:00,41.48795887496606,41.48795887496606,41.06014921851212,41.259796142578125,22600,0.0,0.0,0.0
2023-01-12 00:00:00-05:00,41.57351728095225,41.84921721690865,41.23126958481064,41.82069778442383,36400,0.0,0.0,0.0
2023-01-13 00:00:00-05:00,41.55450372409442,42.00132751464844,41.49746485829159,42.00132751464844,19200,0.0,0.0,0.0
2023-01-17 00:00:00-05:00,41.97280637072867,42.32455932630383,41.906258612284205,42.02033996582031,81600,0.0,0.0,0.0
2023-01-18 00:00:00-05:00,42.20096773706042,42.429134063464545,41.34535217285156,41.34535217285156,40100,0.0,0.0,0.0
2023-01-19 00:00:00-05:00,41.31683420529403,41.31683420529403,40.83198568850485,40.974586486816406,47400,0.0,0.0,0.0
2023-01-20 00:00:00-05:00,40.90803535255119,41.25028304283667,40.84148759350466,41.221763610839844,33300,0.0,0.0,0.0
2023-01-23 00:00:00-05:00,41.240779876708984,41.35486123709275,41.05064185834867,41.240779876708984,38600,0.0,0.0,0.0
2023-01-24 00:00:00-05:00,41.183738953260715,41.535491943359375,40.87951956291897,41.535491943359375,32400,0.0,0.0,0.0
2023-01-25 00:00:00-05:00,41.15522310510867,41.611552230387126,41.06015227072888,41.49747085571289,94200,0.0,0.0,0.0
2023-01-26 00:00:00-05:00,41.76366177653988,41.96330508808945,41.40239986046338,41.915771484375,36800,0.0,0.0,0.0
2023-01-27 00:00:00-05:00,41.90626238415909,42.134425111767655,41.71612436009785,41.81119155883789,112900,0.0,0.0,0.0
2023-01-30 00:00:00-05:00,41.564014417912745,41.849219639010556,41.4499294282087,41.45943832397461,30000,0.0,0.0,0.0
2023-01-31 00:00:00-05:00,41.64006528575703,42.067874908447266,41.564012256490415,42.067874908447266,125500,0.0,0.0,0.0
2023-02-01 00:00:00-05:00,41.896753765375166,42.590754475193734,41.83971126980526,42.37209701538086,57100,0.0,0.0,0.0
2023-02-02 00:00:00-05:00,42.31505321479149,42.31505321479149,41.19324651582989,41.48795700073242,99600,0.0,0.0,0.0
2023-02-03 00:00:00-05:00,41.12669450240773,41.49746526667985,41.06014674059553,41.20275115966797,86600,0.0,0.0,0.0
2023-02-06 00:00:00-05:00,40.889021915972315,41.13620241960894,40.870011378690364,41.08866882324219,35400,0.0,0.0,0.0
2023-02-07 00:00:00-05:00,40.8700092587309,41.0601436343355,40.603814605039105,40.9650764465332,36600,0.0,0.0,0.0
2023-02-08 00:00:00-05:00,40.88902052199873,41.06014436434991,40.822472764037805,40.83198165893555,37700,0.0,0.0,0.0
2023-02-09 00:00:00-05:00,41.19324407892303,41.26929710625706,40.727406140146435,40.80345916748047,56600,0.0,0.0,0.0
2023-02-10 00:00:00-05:00,40.736910429772685,41.459434118280036,40.736910429772685,41.42140579223633,103100,0.0,0.0,0.0
2023-02-13 00:00:00-05:00,41.440427374408465,41.440427374408465,41.08867436198116,41.17423629760742,40000,0.0,0.0,0.0
2023-02-14 00:00:00-05:00,41.04112907908041,41.10768046180265,40.60381421684163,40.92704772949219,34700,0.0,0.0,0.0
2023-02-15 00:00:00-05:00,40.70839693613485,40.96508273449814,40.58480667175668,40.91754913330078,33100,0.0,0.0,0.0
2023-02-16 00:00:00-05:00,40.527766103451405,41.2597951362899,40.527766103451405,40.936561584472656,59900,0.0,0.0,0.0
2023-02-17 00:00:00-05:00,41.060144282411244,41.3833778032539,40.993596524583126,41.250282287597656,58300,0.0,0.0,0.0
2023-02-21 00:00:00-05:00,41.07916409035123,41.18374018890279,40.81297302246094,40.81297302246094,26500,0.0,0.0,0.0
2023-02-22 00:00:00-05:00,40.87000987732599,41.23126809770722,40.87000987732599,41.14570617675781,27900,0.0,0.0,0.0
2023-02-23 00:00:00-05:00,41.32634582289918,41.602042168424795,40.90804141650744,41.27880859375,108000,0.0,0.0,0.0
2023-02-24 00:00:00-05:00,40.84149208502792,40.91754874749161,40.62283462031675,40.879520416259766,26600,0.0,0.0,0.0
2023-02-27 00:00:00-05:00,41.31683212913117,41.392888785673776,41.06014635317137,41.16472244262695,29000,0.0,0.0,0.0
2023-02-28 00:00:00-05:00,41.164719716866486,41.212253310767636,40.86050036400222,40.9650764465332,50100,0.0,0.0,0.0
2023-03-01 00:00:00-05:00,40.9650837109121,41.288317283972304,40.9650837109121,41.136207580566406,14700,0.0,0.0,0.0
2023-03-02 00:00:00-05:00,40.955578294168234,41.60204181138834,40.83198802728758,41.554508209228516,34400,0.0,0.0,0.0
2023-03-03 00:00:00-05:00,41.564011848578694,42.00132673566756,41.44992686592696,41.925270080566406,73700,0.0,0.0,0.0
2023-03-06 00:00:00-05:00,42.02984840944508,42.02984840944508,41.573519334245404,41.63056182861328,62400,0.0,0.0,0.0
2023-03-07 00:00:00-05:00,41.46894330567286,41.46894330567286,40.85099926867506,40.89853286743164,41900,0.0,0.0,0.0
2023-03-08 00:00:00-05:00,40.984094661338574,41.25028571476683,40.93656106273797,41.212257385253906,14600,0.0,0.0,0.0
2023-03-09 00:00:00-05:00,41.15521449611185,41.392886092472054,40.39466611307536,40.44219970703125,45400,0.0,0.0,0.0
2023-03-10 00:00:00-05:00,40.271080428703286,40.271080428703286,39.16828424175042,39.26335144042969,38700,0.0,0.0,0.0
2023-03-13 00:00:00-04:00,38.85455400036247,39.24433529783605,38.44575853879493,38.93061065673828,111600,0.0,0.0,0.0
2023-03-14 00:00:00-04:00,39.462987891131725,39.786221387809526,39.16827745037703,39.44397735595703,37700,0.0,0.0,0.0
2023-03-15 00:00:00-04:00,38.569348066404004,38.645404721348754,37.72323772633868,38.22710037231445,49200,0.0,0.0,0.0
2023-03-16 00:00:00-04:00,38.008445402977486,38.398226718485745,37.88485514393893,38.28414535522461,35100,0.0,0.0,0.0
2023-03-17 00:00:00-04:00,38.151046676698854,38.151046676698854,37.69471763475417,37.837318420410156,73100,0.0,0.0,0.0
2023-03-20 00:00:00-04:00,37.9038689604384,38.56935022207559,37.9038689604384,38.45526885986328,32600,0.0,0.0,0.0
2023-03-21 00:00:00-04:00,38.98765299365587,39.2728618538774,38.93061412287661,39.20631408691406,19100,0.0,0.0,0.0
2023-03-22 00:00:00-04:00,39.24433777463705,39.36792803575732,38.77850341796875,38.77850341796875,35200,0.0,0.0,0.0
2023-03-23 00:00:00-04:00,38.84505151340409,39.28236643913936,38.274637429479554,38.39822769165039,30500,0.0,0.0,0.0
2023-03-24 00:00:00-04:00,38.25562286376953,38.26512813220618,37.72323716679581,38.25562286376953,127100,0.0,0.0,0.0
2023-03-27 00:00:00-04:00,38.540829294551614,38.768992010133985,38.312662952388266,38.61688232421875,36400,0.0,0.0,0.0
2023-03-28 00:00:00-04:00,38.607379941274885,39.006666536680115,38.607379941274885,38.816532135009766,41300,0.0,0.0,0.0
2023-03-29 00:00:00-04:00,39.10173761683849,39.329900350950176,39.10173761683849,39.27286148071289,12600,0.0,0.0,0.0
2023-03-30 00:00:00-04:00,39.67214830386788,39.7291908010102,39.405957237032986,39.52003860473633,22200,0.0,0.0,0.0
2023-03-31 00:00:00-04:00,39.72918555522664,39.99537658691406,39.72918555522664,39.99537658691406,33500,0.0,0.0,0.0
2023-04-03 00:00:00-04:00,40.07143709464337,40.328119256131735,39.98587516528686,40.204532623291016,13800,0.0,0.0,0.0
2023-04-04 00:00:00-04:00,40.16650357853411,40.16650357853411,39.2348312679969,39.396446228027344,53200,0.0,0.0,0.0
2023-04-05 00:00:00-04:00,39.253843526635684,39.253843526635684,38.30315709756675,38.540828704833984,19200,0.0,0.0,0.0
2023-04-06 00:00:00-04:00,38.436258485616825,38.436258485616825,38.07499657197252,38.141544342041016,30600,0.0,0.0,0.0
2023-04-10 00:00:00-04:00,38.03696433728345,38.72145976101722,38.03696433728345,38.6644172668457,21200,0.0,0.0,0.0
2023-04-11 00:00:00-04:00,38.759490440626884,39.30138147507971,38.759490440626884,39.13976287841797,20900,0.0,0.0,0.0
2023-04-12 00:00:00-04:00,39.482006416488716,39.54855417669669,39.25384370337022,39.310882568359375,23800,0.0,0.0,0.0
2023-04-13 00:00:00-04:00,39.39645005088839,39.662644755858764,39.15877840901787,39.50102615356445,27800,0.0,0.0,0.0
2023-04-14 00:00:00-04:00,39.55806275157426,39.90031044506142,39.415458337094314,39.58658218383789,19000,0.0,0.0,0.0
2023-04-17 00:00:00-04:00,39.672143790388546,39.881295962867284,39.605596031250926,39.862281799316406,24700,0.0,0.0,0.0
2023-04-18 00:00:00-04:00,40.03340415838472,40.11896607789658,39.90030864505088,40.023895263671875,37700,0.0,0.0,0.0
2023-04-19 00:00:00-04:00,39.78622853525122,39.881299361106464,39.51053220672398,39.61510467529297,21000,0.0,0.0,0.0
2023-04-20 00:00:00-04:00,39.44398134832785,39.53904854014579,39.291871665470595,39.3774299621582,20700,0.0,0.0,0.0
2023-04-21 00:00:00-04:00,39.24434087952035,39.24434087952035,38.94012146391024,39.016178131103516,59000,0.0,0.0,0.0
2023-04-24 00:00:00-04:00,39.03519078985294,39.30138186158264,39.03519078985294,39.177791595458984,73100,0.0,0.0,0.0
2023-04-25 00:00:00-04:00,38.79751905778193,38.79751905778193,38.22710495702725,38.30316162109375,65300,0.0,0.0,0.0
2023-04-26 00:00:00-04:00,38.3031570272592,38.45526671056779,38.12252428505588,38.22710037231445,42100,0.0,0.0,0.0
2023-04-27 00:00:00-04:00,38.26512740455581,38.43625124580824,38.055975237118226,38.38871765136719,21300,0.0,0.0,0.0
2023-04-28 00:00:00-04:00,38.26513389727742,38.69294357299805,38.26513389727742,38.69294357299805,50800,0.0,0.0,0.0
2023-05-01 00:00:00-04:00,38.64540542697791,38.96863896323321,38.64540542697791,38.82603454589844,32500,0.0,0.0,0.0
2023-05-02 00:00:00-04:00,38.711952528635784,38.711952528635784,37.837319128602516,38.43625259399414,56700,0.0,0.0,0.0
2023-05-03 00:00:00-04:00,38.50280492439628,38.84505265953282,38.30316162109375,38.30316162109375,33300,0.0,0.0,0.0
2023-05-04 00:00:00-04:00,38.24611747523463,38.341188301221685,37.48556900024414,37.48556900024414,48100,0.0,0.0,0.0
2023-05-05 00:00:00-04:00,37.7137299404203,38.26512982524483,37.7137299404203,38.13203430175781,19600,0.0,0.0,0.0
2023-05-08 00:00:00-04:00,38.36019911836935,38.616884910526394,38.03696556082876,38.04647445678711,34200,0.0,0.0,0.0
2023-05-09 00:00:00-04:00,37.932394406011205,37.95140494542432,37.685213874664534,37.884857177734375,28500,0.0,0.0,0.0
2023-05-10 00:00:00-04:00,38.17006431420437,38.17006431420437,37.64718383946584,37.90386962890625,22000,0.0,0.0,0.0
2023-05-11 00:00:00-04:00,37.504581084007775,37.62817133764133,37.35247139745148,37.571128845214844,30000,0.0,0.0,0.0
2023-05-12 00:00:00-04:00,37.64718472614443,37.70422722289062,37.2478981286649,37.45705032348633,48000,0.0,0.0,0.0
2023-05-15 00:00:00-04:00,37.485565237629885,37.76126516544718,37.447536911052154,37.69471740722656,45000,0.0,0.0,0.0
2023-05-16 00:00:00-04:00,37.45704794149352,37.45704794149352,36.98170471191406,36.98170471191406,29600,0.0,0.0,0.0
2023-05-17 00:00:00-04:00,37.03874626566316,37.30494095961554,36.915159628144465,37.07677459716797,59000,0.0,0.0,0.0
2023-05-18 00:00:00-04:00,36.972191877080164,37.19084930419922,36.81057693700199,37.19084930419922,49100,0.0,0.0,0.0
2023-05-19 00:00:00-04:00,37.56162198732955,37.79929361212724,36.98170626915142,37.17184066772461,71700,0.0,0.0,0.0
2023-05-22 00:00:00-04:00,37.12430513586759,37.31444315112583,36.85811409045465,37.04825210571289,23800,0.0,0.0,0.0
2023-05-23 00:00:00-04:00,36.9341676874076,37.16233403453518,36.77255272923558,37.01972961425781,32300,0.0,0.0,0.0
2023-05-24 00:00:00-04:00,36.78206017928198,36.85811684169486,36.29721164943434,36.30671691894531,44600,0.0,0.0,0.0
2023-05-25 00:00:00-04:00,36.30671461734493,36.36375711053848,36.03101830002871,36.24967575073242,53600,0.0,0.0,0.0
2023-05-26 00:00:00-04:00,36.278193079810315,36.43030275958932,36.15460283168336,36.23065948486328,24500,0.0,0.0,0.0
2023-05-30 00:00:00-04:00,36.07855332731694,36.07855332731694,35.46060565293479,35.66975784301758,382600,0.0,0.0,0.0
2023-05-31 00:00:00-04:00,35.44159391250785,35.52715584825167,35.17540283534105,35.203922271728516,22200,0.0,0.0,0.0
2023-06-01 00:00:00-04:00,35.213427411931676,35.57468565624121,35.09934242538873,35.51764678955078,34100,0.0,0.0,0.0
2023-06-02 00:00:00-04:00,35.935945285402504,36.591921224070205,35.935945285402504,36.54438400268555,36600,0.0,0.0,0.0
2023-06-05 00:00:00-04:00,36.49685494839623,36.58241688032009,36.26869221432015,36.30671691894531,29700,0.0,0.0,0.0
2023-06-06 00:00:00-04:00,36.08806009009483,36.93417052814588,36.078554820416414,36.9056510925293,40500,0.0,0.0,0.0
2023-06-07 00:00:00-04:00,36.914295231903594,37.490929465186206,36.914295231903594,37.39482498168945,18300,0.419,0.0,0.0
2023-06-08 00:00:00-04:00,37.394830695377394,37.471717226843396,36.971965770769195,37.21223068237305,22400,0.0,0.0,0.0
2023-06-09 00:00:00-04:00,37.125730294024294,37.24105640993274,36.96234826918213,37.05845642089844,18900,0.0,0.0,0.0
2023-06-12 00:00:00-04:00,37.03923652718787,37.39482753983274,37.00079326469888,37.35638427734375,36100,0.0,0.0,0.0
2023-06-13 00:00:00-04:00,37.59665022309257,38.067571036411636,37.59665022309257,37.990684509277344,17800,0.0,0.0,0.0
2023-06-14 00:00:00-04:00,38.18289648448405,38.35588750131998,37.79847485407747,37.846527099609375,15000,0.0,0.0,0.0
2023-06-15 00:00:00-04:00,37.87535604342346,38.44238131445776,37.87535604342346,38.39432907104492,21500,0.0,0.0,0.0
2023-06-16 00:00:00-04:00,38.53848624063243,38.54809888911529,38.36549522945313,38.52887725830078,18300,0.0,0.0,0.0
2023-06-20 00:00:00-04:00,38.14445452735452,38.14445452735452,37.83691574604109,38.00990676879883,90300,0.0,0.0,0.0
2023-06-21 00:00:00-04:00,37.884965645917404,38.55770806316513,37.80808278842833,38.413551330566406,32300,0.0,0.0,0.0
2023-06-22 00:00:00-04:00,38.36549269785483,38.36549269785483,38.16367108684686,38.21172332763672,17300,0.0,0.0,0.0
2023-06-23 00:00:00-04:00,38.00990634538083,38.00990634538083,37.606263074210204,37.635093688964844,41800,0.0,0.0,0.0
2023-06-26 00:00:00-04:00,37.72158895399262,37.990684466355845,37.72158895399262,37.86574935913086,24800,0.0,0.0,0.0
2023-06-27 00:00:00-04:00,37.84653052686494,37.88497012708063,37.57743132844514,37.836917877197266,64500,0.0,0.0,0.0
2023-06-28 00:00:00-04:00,37.779255353832504,37.779255353832504,37.53899044646785,37.67353820800781,185800,0.0,0.0,0.0
2023-06-29 00:00:00-04:00,37.51015409453909,37.740810005986695,37.41404960335754,37.731197357177734,23500,0.0,0.0,0.0
2023-06-30 00:00:00-04:00,37.90418837270121,38.07717938974212,37.79847489886629,37.97146224975586,27200,0.0,0.0,0.0
2023-07-03 00:00:00-04:00,37.96185469949109,38.43277552279395,37.96185469949109,38.3751106262207,16400,0.0,0.0,0.0
2023-07-05 00:00:00-04:00,38.15406441859869,38.27900318514868,38.057956265040545,38.163673400878906,12300,0.0,0.0,0.0
2023-07-06 00:00:00-04:00,37.76002883911133,37.894576583254896,37.587037834883574,37.76002883911133,30400,0.0,0.0,0.0
2023-07-07 00:00:00-04:00,37.7696414259897,38.528879387438145,37.7696414259897,38.35588836669922,13900,0.0,0.0,0.0
2023-07-10 00:00:00-04:00,38.1925081120601,38.32705586241233,37.94263057613348,38.05795669555664,326600,0.0,0.0,0.0
2023-07-11 00:00:00-04:00,38.31744151016327,38.72108840942383,38.2597802860911,38.72108840942383,37300,0.0,0.0,0.0
2023-07-12 00:00:00-04:00,38.98057793022688,39.028630176052836,38.57693099975586,38.57693099975586,12500,0.0,0.0,0.0
2023-07-13 00:00:00-04:00,38.653820879461335,38.94213804558177,38.653820879461335,38.922916412353516,11700,0.0,0.0,0.0
2023-07-14 00:00:00-04:00,38.836417960476105,38.836417960476105,38.634596326061526,38.71147918701172,16300,0.0,0.0,0.0
2023-07-17 00:00:00-04:00,38.71147750314288,39.09590278962632,38.71147750314288,39.01901626586914,30700,0.0,0.0,0.0
2023-07-18 00:00:00-04:00,39.1151237669367,39.67253639025675,39.10551111855206,39.59565353393555,19300,0.0,0.0,0.0
2023-07-19 00:00:00-04:00,39.72059442607075,39.99929891957389,39.70137279442374,39.903194427490234,33300,0.0,0.0,0.0
2023-07-20 00:00:00-04:00,40.10501542920247,40.21073256852105,39.855141554027796,40.124237060546875,13900,0.0,0.0,0.0
2023-07-21 00:00:00-04:00,40.18190088678806,40.21073149996287,39.94163600059472,39.97046661376953,18200,0.0,0.0,0.0
2023-07-24 00:00:00-04:00,39.98968992933513,40.54710258238836,39.98968992933513,40.383724212646484,52300,0.0,0.0,0.0
2023-07-25 00:00:00-04:00,40.268398085232775,40.748927877819554,40.268398085232775,40.62398910522461,29700,0.0,0.0,0.0
2023-07-26 00:00:00-04:00,40.65281826472395,40.796978663801305,40.374110115121724,40.46060562133789,130100,0.0,0.0,0.0
2023-07-27 00:00:00-04:00,40.51827070307892,40.51827070307892,39.99929766336268,40.10501480102539,34000,0.0,0.0,0.0
2023-07-28 00:00:00-04:00,40.345280516425,40.345280516425,40.0473507283763,40.249176025390625,36100,0.0,0.0,0.0
2023-07-31 00:00:00-04:00,40.34527563797515,40.508657652359446,40.30683237974933,40.33566665649414,18700,0.0,0.0,0.0
2023-08-01 00:00:00-04:00,40.32605762521643,40.44138741023642,40.11462701831555,40.210731506347656,21700,0.0,0.0,0.0
2023-08-02 00:00:00-04:00,39.80708482379157,40.18190112807088,39.77825421044364,39.98007583618164,44500,0.0,0.0,0.0
2023-08-03 00:00:00-04:00,39.78786409038605,39.807082053846585,39.50915596024561,39.65331268310547,39000,0.0,0.0,0.0
2023-08-04 00:00:00-04:00,39.78786897875842,40.22995551568538,39.72059509992829,39.80708694458008,14400,0.0,0.0,0.0
2023-08-07 00:00:00-04:00,39.855140734239775,40.11462725282488,39.739810948545575,39.98007583618164,33800,0.0,0.0,0.0
2023-08-08 00:00:00-04:00,39.64370915718464,39.74942630152137,39.32655772417445,39.70137405395508,78100,0.0,0.0,0.0
2023-08-09 00:00:00-04:00,39.8647507762666,40.0089111791406,39.85514179361228,39.89358139038086,7800,0.0,0.0,0.0
2023-08-10 00:00:00-04:00,40.00891352304885,40.14346128499964,39.58604493845887,39.60526657104492,103400,0.0,0.0,0.0
2023-08-11 00:00:00-04:00,39.441887141306616,39.61487816381553,39.403443877159866,39.45149612426758,22500,0.0,0.0,0.0
2023-08-14 00:00:00-04:00,39.268892937546056,39.268892937546056,39.06707131635278,39.23044967651367,16500,0.0,0.0,0.0
2023-08-15 00:00:00-04:00,38.98058051835521,38.98058051835521,38.50965967923064,38.538490295410156,17700,0.0,0.0,0.0
2023-08-16 00:00:00-04:00,38.509659216978534,38.68265024428236,38.22134206018935,38.27900695800781,11300,0.0,0.0,0.0
2023-08-17 00:00:00-04:00,38.365495024124215,38.50004643910562,38.12523013945565,38.163673400878906,13700,0.0,0.0,0.0
2023-08-18 00:00:00-04:00,37.89457595121078,37.92340656271752,37.67353270864012,37.740806579589844,18300,0.0,0.0,0.0
2023-08-21 00:00:00-04:00,37.76964018497676,37.78886181622189,37.46210141735725,37.596649169921875,22300,0.0,0.0,0.0
2023-08-22 00:00:00-04:00,37.61586796517126,37.61586796517126,37.09689495913385,37.14495086669922,32100,0.0,0.0,0.0
2023-08-23 00:00:00-04:00,37.21222624833358,37.471712761884696,37.154561356605164,37.43326950073242,16600,0.0,0.0,0.0
2023-08-24 00:00:00-04:00,37.26988915848508,37.40443691244835,37.125732421875,37.125732421875,9100,0.0,0.0,0.0
2023-08-25 00:00:00-04:00,37.2987204981927,37.48132048329695,37.08728623511859,37.39482498168945,12300,0.0,0.0,0.0
2023-08-28 00:00:00-04:00,37.558205162326786,37.90418348564969,37.558205162326786,37.81768798828125,16100,0.0,0.0,0.0
2023-08-29 00:00:00-04:00,37.808084689743104,38.35588836669922,37.79847570688046,38.35588836669922,17500,0.0,0.0,0.0
2023-08-30 00:00:00-04:00,38.384716670548734,38.68264644747415,38.384716670548734,38.644203186035156,5400,0.0,0.0,0.0
2023-08-31 00:00:00-04:00,38.67303784862558,38.67303784862558,38.384717051125676,38.413551330566406,12900,0.0,0.0,0.0
2023-09-01 00:00:00-04:00,38.673037035484896,38.82680641338111,38.59615051346121,38.74991989135742,187000,0.0,0.0,0.0
2023-09-05 00:00:00-04:00,38.83641601903037,38.961354786249025,38.480825014340134,38.52887725830078,12800,0.0,0.0,0.0
2023-09-06 00:00:00-04:00,38.43277150030742,38.64420209997744,38.06756785920305,38.25016784667969,39700,0.0,0.0,0.0
2023-09-07 00:00:00-04:00,38.09640014988041,38.11562178090659,37.6927568967845,37.942630767822266,19600,0.0,0.0,0.0
2023-09-08 00:00:00-04:00,38.0002986286698,38.0002986286698,37.644703926141005,37.67353820800781,14000,0.0,0.0,0.0
2023-09-11 00:00:00-04:00,38.00029440072301,38.07717725612684,37.827303393375466,37.9041862487793,84000,0.0,0.0,0.0
2023-09-12 00:00:00-04:00,37.865750027268355,38.08679329720292,37.865750027268355,38.00990676879883,20600,0.0,0.0,0.0
2023-09-13 00:00:00-04:00,38.009903382841806,38.14445112941186,37.78886013259798,37.9041862487793,8600,0.0,0.0,0.0
2023-09-14 00:00:00-04:00,38.21172901043022,38.567323710690815,38.21172901043022,38.50965881347656,17000,0.0,0.0,0.0
2023-09-15 00:00:00-04:00,38.490432724694195,38.557706597246174,38.25016784667969,38.25016784667969,22700,0.0,0.0,0.0
2023-09-18 00:00:00-04:00,38.20211835512253,38.230948969391925,38.019518354497436,38.09640121459961,8800,0.0,0.0,0.0
2023-09-19 00:00:00-04:00,37.89457450423136,37.89457450423136,37.769635748887865,37.81768798828125,6000,0.0,0.0,0.0
2023-09-20 00:00:00-04:00,37.92341126691592,38.250171680412194,37.7696418762207,37.7696418762207,8100,0.0,0.0,0.0
2023-09-21 00:00:00-04:00,37.48132732180585,37.48132732180585,37.212231785997325,37.25067138671875,45300,0.0,0.0,0.0
2023-09-22 00:00:00-04:00,37.250665823973556,37.250665823973556,36.89507482387773,36.95273971557617,89900,0.0,0.0,0.0
2023-09-25 00:00:00-04:00,36.65481310272927,37.000795150460675,36.65481310272927,36.93352127075195,26500,0.0,0.0,0.0
2023-09-26 00:00:00-04:00,36.71247782123571,36.80858231573849,36.52026516607869,36.56831741333008,28600,0.0,0.0,0.0
2023-09-27 00:00:00-04:00,36.77975102074205,36.77975102074205,36.520264490999416,36.664424896240234,13900,0.0,0.0,0.0
2023-09-28 00:00:00-04:00,36.635587486159075,36.90468664187924,36.61636585602541,36.80857849121094,6700,0.0,0.0,0.0
2023-09-29 00:00:00-04:00,37.048847853447896,37.068069485908346,36.568318040391105,36.58753967285156,36700,0.0,0.0,0.0
2023-10-02 00:00:00-04:00,36.443375440399755,36.53948359262249,35.982067308184064,36.10700607299805,41100,0.0,0.0,0.0
2023-10-03 00:00:00-04:00,35.857130491998326,35.895570084895056,35.559200733605124,35.693748474121094,97200,0.0,0.0,0.0
2023-10-04 00:00:00-04:00,35.5880345217935,35.73219492301622,35.318939016739144,35.674530029296875,37600,0.0,0.0,0.0
2023-10-05 00:00:00-04:00,35.84751910822284,35.943627259231064,35.63608850830693,35.73219299316406,74000,0.0,0.0,0.0
2023-10-06 00:00:00-04:00,35.60725529292383,36.020511189218524,35.3669904074572,35.885963439941406,28700,0.0,0.0,0.0
2023-10-09 00:00:00-04:00,35.71297372217139,36.289608001708984,35.71297372217139,36.289608001708984,17000,0.0,0.0,0.0
2023-10-10 00:00:00-04:00,36.395321544443696,36.741303544430224,36.395321544443696,36.654808044433594,6700,0.0,0.0,0.0
2023-10-11 00:00:00-04:00,36.74130585998799,36.74130585998799,36.18389323188604,36.366493225097656,18100,0.0,0.0,0.0
2023-10-12 00:00:00-04:00,36.404934311285686,36.404934311285686,35.57842256776128,35.818687438964844,16600,0.0,0.0,0.0
2023-10-13 00:00:00-04:00,35.91479153062013,36.05895191823575,35.655305032602584,35.80907440185547,7400,0.0,0.0,0.0
2023-10-16 00:00:00-04:00,36.01090303467793,36.36649404682006,35.9724597722433,36.270389556884766,10800,0.0,0.0,0.0
2023-10-17 00:00:00-04:00,36.07817924417986,36.750921715689664,36.07817924417986,36.58753967285156,25500,0.0,0.0,0.0
2023-10-18 00:00:00-04:00,36.4818217299639,36.4818217299639,35.924409065400916,35.96284866333008,133200,0.0,0.0,0.0
2023-10-19 00:00:00-04:00,35.89556990119465,36.145447417574935,35.7321915503045,35.80907440185547,127000,0.0,0.0,0.0
2023-10-20 00:00:00-04:00,35.57842529405021,35.63609018737214,35.184391021728516,35.184391021728516,100700,0.0,0.0,0.0
2023-10-23 00:00:00-04:00,34.71347128308615,35.030622706797026,34.617366790771484,34.617366790771484,12000,0.0,0.0,0.0
2023-10-24 00:00:00-04:00,34.76152610179766,34.81919100114482,34.50204322011455,34.57892608642578,14700,0.0,0.0,0.0
2023-10-25 00:00:00-04:00,34.54047669787279,34.70385871732103,34.47320282696793,34.62697219848633,15700,0.0,0.0,0.0
2023-10-26 00:00:00-04:00,34.521261187078615,34.848021617742575,34.521261187078615,34.57892608642578,24200,0.0,0.0,0.0
2023-10-27 00:00:00-04:00,34.71347021295321,34.71347021295321,34.156057575639366,34.223331451416016,67500,0.0,0.0,0.0
2023-10-30 00:00:00-04:00,34.540480930926584,34.84801971165331,34.46359806882063,34.76152420043945,15900,0.0,0.0,0.0
2023-10-31 00:00:00-04:00,34.63658566308828,34.63658566308828,34.415542415453196,34.53086853027344,27600,0.0,0.0,0.0
2023-11-01 00:00:00-04:00,34.463595722586234,34.69424795935306,34.377100217260875,34.68463897705078,19600,0.0,0.0,0.0
2023-11-02 00:00:00-04:00,34.867237075639025,35.232440707854444,34.867237075639025,35.22283172607422,39200,0.0,0.0,0.0
2023-11-03 00:00:00-04:00,35.453482945837656,35.8955694182226,35.453482945837656,35.78985595703125,21000,0.0,0.0,0.0
2023-11-06 00:00:00-05:00,35.56881395757958,35.56881395757958,35.27088782980373,35.34777069091797,16400,0.0,0.0,0.0
2023-11-07 00:00:00-05:00,34.905683540670296,34.934514154809655,34.7807447691475,34.848018646240234,31700,0.0,0.0,0.0
2023-11-08 00:00:00-05:00,34.91529618948431,35.17477904904122,34.848018646240234,34.848018646240234,15400,0.0,0.0,0.0
2023-11-09 00:00:00-05:00,34.99217583064915,35.11711459068004,34.57891995729014,34.62697219848633,37500,0.0,0.0,0.0
2023-11-10 00:00:00-05:00,34.646194846904706,34.65580749511719,34.39632098564684,34.65580749511719,13600,0.0,0.0,0.0
2023-11-13 00:00:00-05:00,34.53087233329056,34.7807462206125,34.4539858041752,34.77113723754883,22500,0.0,0.0,0.0
2023-11-14 00:00:00-05:00,35.021010471021015,35.74180517033843,35.021010471021015,35.47270965576172,125900,0.0,0.0,0.0
2023-11-15 00:00:00-05:00,35.559203286910794,36.020511430154194,35.559203286910794,35.895572662353516,14400,0.0,0.0,0.0
2023-11-16 00:00:00-05:00,35.847520605813095,35.87635488539571,35.424655722164296,35.539981842041016,13200,0.0,0.0,0.0
2023-11-17 00:00:00-05:00,35.818691493244884,35.82830047607422,35.63609149027623,35.82830047607422,28500,0.0,0.0,0.0
2023-11-20 00:00:00-05:00,35.77063649414812,35.885962609982535,35.712971603155346,35.74180221557617,16600,0.0,0.0,0.0
2023-11-21 00:00:00-05:00,35.7129688416119,35.74179945180337,35.5784211058506,35.655303955078125,14100,0.0,0.0,0.0
2023-11-22 00:00:00-05:00,35.21322082418915,35.559202843848624,35.00178655303032,35.52075958251953,35700,0.0,0.0,0.0
2023-11-24 00:00:00-05:00,35.4246572123108,35.73219598901957,35.4246572123108,35.588035583496094,5900,0.0,0.0,0.0
2023-11-27 00:00:00-05:00,35.48231738041334,35.48231738041334,35.17477861290227,35.194000244140625,22100,0.0,0.0,0.0
2023-11-28 00:00:00-05:00,35.213223997201496,35.405436655015784,35.11711950137011,35.26127624511719,20600,0.0,0.0,0.0
2023-11-29 00:00:00-05:00,35.347766819972094,35.395822727326205,35.10750194780556,35.22283172607422,66900,0.0,0.0,0.0
2023-11-30 00:00:00-05:00,35.318941142306926,35.386215022619204,35.10750685209606,35.26127624511719,36500,0.0,0.0,0.0
2023-12-01 00:00:00-05:00,35.184388325633485,35.818687438964844,35.184388325633485,35.818687438964844,49300,0.0,0.0,0.0
2023-12-04 00:00:00-05:00,35.597646494615205,35.87635464307342,35.46309874464261,35.530372619628906,63300,0.0,0.0,0.0
2023-12-05 00:00:00-05:00,35.38621157425701,35.38621157425701,35.03062057495117,35.03062057495117,24900,0.0,0.0,0.0
2023-12-06 00:00:00-05:00,35.193998745659826,35.434263626682366,35.126724872265605,35.14594650268555,32300,0.0,0.0,0.0
2023-12-07 00:00:00-05:00,35.242054560970345,35.42465823539396,35.0786761850666,35.37660598754883,122900,0.0,0.0,0.0
2023-12-08 00:00:00-05:00,35.213222934354505,35.472709464648936,35.15556170505668,35.34777069091797,33300,0.0,0.0,0.0
2023-12-11 00:00:00-05:00,35.347772809580555,35.45348995783155,35.251668310889634,35.41504669189453,44300,0.0,0.0,0.0
2023-12-12 00:00:00-05:00,35.27088890763693,35.27088890763693,34.80958072840031,35.02101135253906,33600,0.0,0.0,0.0
2023-12-13 00:00:00-05:00,34.83840797559979,35.99168014526367,34.83840797559979,35.99168014526367,46700,0.0,0.0,0.0
2023-12-14 00:00:00-05:00,36.18389347608114,36.943127733301566,36.18389347608114,36.61636734008789,53300,0.0,0.0,0.0
2023-12-15 00:00:00-05:00,36.58753842316016,36.58753842316016,36.20311311938463,36.30883026123047,78900,0.0,0.0,0.0
2023-12-18 00:00:00-05:00,36.433765597433904,36.52987008123484,36.22233133369059,36.31843948364258,36900,0.0,0.0,0.0
2023-12-19 00:00:00-05:00,36.40493607597003,36.97196134614232,36.40493607597003,36.95273971557617,15400,0.0,0.0,0.0
2023-12-20 00:00:00-05:00,36.79965158485455,36.8094007828538,36.27310562133789,36.27310562133789,110500,0.553,0.0,0.0
2023-12-21 00:00:00-05:00,36.47787364917597,36.68264029181379,36.38036678686701,36.65338897705078,47700,0.0,0.0,0.0
2023-12-22 00:00:00-05:00,36.78014976855272,37.02392063664833,36.78014976855272,36.82890319824219,28400,0.0,0.0,0.0
2023-12-26 00:00:00-05:00,36.87765938461802,37.21893713760384,36.83865515009149,37.1896858215332,27100,0.0,0.0,0.0
2023-12-27 00:00:00-05:00,37.17018093893982,37.287193633814084,37.04342276563175,37.22868728637695,97100,0.0,0.0,0.0
2023-12-28 00:00:00-05:00,37.218934368646636,37.37495129514565,37.15067882312744,37.22868728637695,89200,0.0,0.0,0.0
2023-12-29 00:00:00-05:00,37.37495246755685,37.37495246755685,37.101926557267305,37.23843765258789,26300,0.0,0.0,0.0
2024-01-02 00:00:00-05:00,37.082426737724404,37.54071720295715,37.03367330346847,37.28719711303711,78900,0.0,0.0,0.0
2024-01-03 00:00:00-05:00,37.092175628820335,37.16043117329705,36.88740899539022,36.91666030883789,34100,0.0,0.0,0.0
2024-01-04 00:00:00-05:00,37.01417028395183,37.15068138440167,36.80940363327706,36.81915283203125,18000,0.0,0.0,0.0
2024-01-05 00:00:00-05:00,36.69239486668654,37.05317473709881,36.663139830954144,36.78990173339844,25500,0.0,0.0,0.0
2024-01-08 00:00:00-05:00,36.63388542668817,36.88740921020508,36.38036536281947,36.88740921020508,16200,0.0,0.0,0.0
2024-01-09 00:00:00-05:00,36.72164502139955,36.72164502139955,36.33161012759026,36.380367279052734,25000,0.0,0.0,0.0
2024-01-10 00:00:00-05:00,36.360866887409514,36.429122439117016,36.175598630218914,36.30236053466797,98500,0.0,0.0,0.0
2024-01-11 00:00:00-05:00,36.341360449738566,36.341360449738566,36.09758958843336,36.175594329833984,11800,0.0,0.0,0.0
2024-01-12 00:00:00-05:00,36.36086494797945,36.44862261258662,35.99033217301048,36.00983428955078,13800,0.0,0.0,0.0
2024-01-16 00:00:00-05:00,35.688052295927925,35.81481418420241,35.59054544011562,35.61979675292969,16500,0.0,0.0,0.0
2024-01-17 00:00:00-05:00,35.424783851736464,35.45403516521973,35.210264300463976,35.28826904296875,14800,0.0,0.0,0.0
2024-01-18 00:00:00-05:00,35.31752617013859,35.42478595213446,35.11275580466994,35.36627960205078,20000,0.0,0.0,0.0
2024-01-19 00:00:00-05:00,35.35652915757184,35.64905720880831,35.210268851602294,35.571048736572266,31400,0.0,0.0,0.0
2024-01-22 00:00:00-05:00,35.06400293541887,35.16151352045639,34.81048285361829,34.87873840332031,28700,0.0,0.0,0.0
2024-01-23 00:00:00-05:00,34.86898493042933,35.17126215976543,34.83973361520753,34.966495513916016,88100,0.0,0.0,0.0
2024-01-24 00:00:00-05:00,35.200510811003724,35.259017156667966,34.97624206542969,34.97624206542969,15800,0.0,0.0,0.0
2024-01-25 00:00:00-05:00,35.171261386529,35.21026561906617,34.81048153468101,35.08350372314453,9200,0.0,0.0,0.0
2024-01-26 00:00:00-05:00,35.10300495298251,35.34677582071156,35.10300495298251,35.229766845703125,25800,0.0,0.0,0.0
2024-01-29 00:00:00-05:00,35.27852040811136,35.60029602050781,35.20051194471328,35.60029602050781,17800,0.0,0.0,0.0
2024-01-30 00:00:00-05:00,35.327272179271056,35.522289608961806,35.09325423936063,35.463783264160156,113700,0.0,0.0,0.0
2024-01-31 00:00:00-05:00,35.38578221931232,35.493042002825476,35.034751553141426,35.093257904052734,47200,0.0,0.0,0.0
2024-02-01 00:00:00-05:00,35.629555058108714,35.97083282470703,35.571048703985284,35.97083282470703,18800,0.0,0.0,0.0
2024-02-02 00:00:00-05:00,35.75631354282208,35.86357333311471,35.5808019182917,35.7270622253418,10700,0.0,0.0,0.0
2024-02-05 00:00:00-05:00,35.55154525196147,35.55154525196147,35.18101618202896,35.190765380859375,13100,0.0,0.0,0.0
2024-02-06 00:00:00-05:00,35.259017181800715,35.551541471034135,35.259017181800715,35.37602615356445,33000,0.0,0.0,0.0
2024-02-07 00:00:00-05:00,35.34677770200079,35.43453536783997,35.22001580253343,35.33702850341797,15100,0.0,0.0,0.0
2024-02-08 00:00:00-05:00,35.21026688622687,35.229769003197305,34.97624520223012,35.093257904052734,16800,0.0,0.0,0.0
2024-02-09 00:00:00-05:00,35.04449706110881,35.12250552077513,34.89823677870658,35.06399917602539,12800,0.0,0.0,0.0
2024-02-12 00:00:00-05:00,35.02499443858354,35.6002938015167,35.02499443858354,35.55154037475586,12200,0.0,0.0,0.0
2024-02-13 00:00:00-05:00,35.18101458169617,35.18101458169617,34.65446859724045,34.8397331237793,11800,0.0,0.0,0.0
2024-02-14 00:00:00-05:00,35.04449955253434,35.356525974086416,34.9664948069705,35.268768310546875,56100,0.0,0.0,0.0
2024-02-15 00:00:00-05:00,35.07375661361578,35.2980253845881,35.07375661361578,35.16151428222656,72600,0.0,0.0,0.0
2024-02-16 00:00:00-05:00,35.09325685728917,35.20051291795461,35.00549919336409,35.05425262451172,17500,0.0,0.0,0.0
2024-02-20 00:00:00-05:00,34.995748215344435,35.024999531724895,34.8007307602947,34.94699478149414,18200,0.0,0.0,0.0
2024-02-21 00:00:00-05:00,34.85923733008699,35.00550135219854,34.849488131115564,34.91774368286133,19200,0.0,0.0,0.0
2024-02-22 00:00:00-05:00,34.97624443442181,35.31752589443982,34.96649523597485,35.21026611328125,21700,0.0,0.0,0.0
2024-02-23 00:00:00-05:00,35.23951644480255,35.45403600113284,35.12250746846252,35.35652542114258,13100,0.0,0.0,0.0
2024-02-26 00:00:00-05:00,35.220013498408996,35.356524587528504,35.09325532688271,35.28826904296875,30200,0.0,0.0,0.0
2024-02-27 00:00:00-05:00,35.24927056314212,35.36627954346723,35.11275574650634,35.18101501464844,16400,0.0,0.0,0.0
2024-02-28 00:00:00-05:00,34.976243943491475,35.26876824822359,34.976243943491475,35.08350372314453,19400,0.0,0.0,0.0
2024-02-29 00:00:00-05:00,35.220015095491476,35.29802356118182,35.034750568949484,35.23951721191406,46000,0.0,0.0,0.0
2024-03-01 00:00:00-05:00,35.36627849811816,35.59054725363257,35.27852083555615,35.54179382324219,25200,0.0,0.0,0.0
2024-03-04 00:00:00-05:00,35.44428280093421,35.44428280093421,35.20051193237305,35.20051193237305,12500,0.0,0.0,0.0
2024-03-05 00:00:00-05:00,35.09325532688271,35.444282247626504,35.09325532688271,35.28826904296875,18500,0.0,0.0,0.0
2024-03-06 00:00:00-05:00,35.39552843520863,35.61979718199691,35.38577923736921,35.56129455566406,21100,0.0,0.0,0.0
2024-03-07 00:00:00-05:00,35.69780807885582,36.126843486377126,35.69780807885582,35.98058319091797,21800,0.0,0.0,0.0
2024-03-08 00:00:00-05:00,36.068340639171694,36.07808983761765,35.89282530995736,36.00983428955078,10100,0.0,0.0,0.0
2024-03-11 00:00:00-04:00,35.85382129246797,35.99033238942255,35.84406837431497,35.98058319091797,8600,0.0,0.0,0.0
2024-03-12 00:00:00-04:00,36.00983450608012,36.07809005455741,35.92207684094526,35.98058319091797,10800,0.0,0.0,0.0
2024-03-13 00:00:00-04:00,36.04883928601366,36.35111279966842,36.04883928601366,36.29261016845703,12600,0.0,0.0,0.0
2024-03-14 00:00:00-04:00,36.31211062093586,36.34136193520074,36.04883763360711,36.156097412109375,16600,0.0,0.0,0.0
2024-03-15 00:00:00-04:00,36.08783980027176,36.390117033574995,36.07809060161935,36.29261016845703,11100,0.0,0.0,0.0
2024-03-18 00:00:00-04:00,36.35111169149588,36.6143846828666,36.21460059663292,36.46812438964844,12100,0.0,0.0,0.0
2024-03-19 00:00:00-04:00,36.44862371138355,36.633888244628906,36.42912159425532,36.633888244628906,27300,0.0,0.0,0.0
2024-03-20 00:00:00-04:00,36.64363929026252,36.955665709070274,36.6338863723726,36.92641067504883,12500,0.0,0.0,0.0
2024-03-21 00:00:00-04:00,37.07267662101879,37.24819195571427,37.07267662101879,37.218936920166016,19500,0.0,0.0,0.0
2024-03-22 00:00:00-04:00,37.15067909314935,37.20918544101172,36.906908223195224,36.98491668701172,16900,0.0,0.0,0.0
2024-03-25 00:00:00-04:00,36.867906879875704,37.0531713977913,36.838651846779825,36.91666030883789,14600,0.0,0.0,0.0
2024-03-26 00:00:00-04:00,37.02392286150015,37.02392286150015,36.84840752835233,36.87765884399414,7000,0.0,0.0,0.0
2024-03-27 00:00:00-04:00,37.023922905785355,37.46270751953125,37.023922905785355,37.46270751953125,10100,0.0,0.0,0.0
2024-03-28 00:00:00-04:00,37.482207915600156,37.70647667133848,37.482207915600156,37.540714263916016,11100,0.0,0.0,0.0
2024-04-01 00:00:00-04:00,37.579718215092626,37.63822084332267,37.384700775146484,37.384700775146484,16800,0.0,0.0,0.0
2024-04-02 00:00:00-04:00,37.32619547216062,37.56021715057674,37.32619547216062,37.4237060546875,99500,0.0,0.0,0.0
2024-04-03 00:00:00-04:00,37.35544919233989,37.65772268841634,37.35544919233989,37.62847137451172,32200,0.0,0.0,0.0
2024-04-04 00:00:00-04:00,37.725982010369634,37.86249683476909,37.4139555653253,37.44321060180664,10600,0.0,0.0,0.0
2024-04-05 00:00:00-04:00,37.43345448516109,37.599220612231875,37.316445508177694,37.540714263916016,10100,0.0,0.0,0.0
2024-04-08 00:00:00-04:00,37.56021810453471,37.73573343789246,37.46270751953125,37.46270751953125,6700,0.0,0.0,0.0
2024-04-09 00:00:00-04:00,37.64797377117699,37.82348909521055,37.54071399319557,37.78448486328125,16300,0.0,0.0,0.0
2024-04-10 00:00:00-04:00,37.257941787322636,37.56996822771495,37.257941787322636,37.530967712402344,11300,0.0,0.0,0.0
2024-04-11 00:00:00-04:00,37.55046596357634,37.55046596357634,37.06292418741143,37.345699310302734,10800,0.0,0.0,0.0
2024-04-12 00:00:00-04:00,36.945915536230586,36.955668454845146,36.292611335702006,36.30236053466797,17500,0.0,0.0,0.0
2024-04-15 00:00:00-04:00,36.54612869633402,36.6826397895568,36.01958271991902,36.1268424987793,8600,0.0,0.0,0.0
2024-04-16 00:00:00-04:00,35.902574231932384,36.039085327014895,35.746561020459744,35.85382080078125,10000,0.0,0.0,0.0
2024-04-17 00:00:00-04:00,36.04883790654485,36.156097685859216,35.80506703342977,35.91232681274414,10300,0.0,0.0,0.0
2024-04-18 00:00:00-04:00,36.09759361213261,36.22435551564261,36.0000830249524,36.14634704589844,8200,0.0,0.0,0.0
2024-04-19 00:00:00-04:00,36.15609610021269,36.458369589044075,36.15609610021269,36.360862731933594,24500,0.0,0.0,0.0
2024-04-22 00:00:00-04:00,36.370611382296644,36.53637750046697,36.05858498066226,36.4486198425293,6600,0.0,0.0,0.0
2024-04-23 00:00:00-04:00,36.41936723892736,36.68264023029808,36.41936723892736,36.46812438964844,9000,0.0,0.0,0.0
2024-04-24 00:00:00-04:00,36.29261016845703,36.33161068271513,36.10734191722504,36.29261016845703,9800,0.0,0.0,0.0
2024-04-25 00:00:00-04:00,35.89282536920049,36.23410311009811,35.75631055319304,36.195098876953125,9400,0.0,0.0,0.0
2024-04-26 00:00:00-04:00,36.18535210707452,36.321863212595524,36.0683431194349,36.214603424072266,6900,0.0,0.0,0.0
2024-04-29 00:00:00-04:00,36.2731058505077,36.68263912273145,36.2731058505077,36.643638610839844,18400,0.0,0.0,0.0
2024-04-30 00:00:00-04:00,36.54613053653599,36.54613053653599,36.02933745198537,36.0488395690918,8500,0.0,0.0,0.0
2024-05-01 00:00:00-04:00,35.92207563547974,35.9708290656634,35.7270581950968,35.756309509277344,7000,0.0,0.0,0.0
2024-05-02 00:00:00-04:00,35.912327151197886,36.28285620367804,35.78556525448185,36.253604888916016,6300,0.0,0.0,0.0
2024-05-03 00:00:00-04:00,36.44862239435432,36.585133489670696,36.30235838100198,36.43886947631836,9100,0.0,0.0,0.0
2024-05-06 00:00:00-04:00,36.58513453944234,36.60463665642548,36.41936840490999,36.477874755859375,34500,0.0,0.0,0.0
2024-05-07 00:00:00-04:00,36.526628446565326,37.03367233276367,36.526628446565326,37.03367233276367,20000,0.0,0.0,0.0
2024-05-08 00:00:00-04:00,36.91666203014849,36.91666203014849,36.80940224964155,36.838653564453125,4200,0.0,0.0,0.0
2024-05-09 00:00:00-04:00,36.72164376562595,37.1799341922324,36.72164376562595,37.17018127441406,15900,0.0,0.0,0.0
2024-05-10 00:00:00-04:00,37.28719523707814,37.306693634080645,37.053173556915475,37.179935455322266,27000,0.0,0.0,0.0
2024-05-13 00:00:00-04:00,37.19943917566414,37.52121481515528,37.12143070569745,37.13118362426758,9700,0.0,0.0,0.0
2024-05-14 00:00:00-04:00,37.33595067049283,37.50171309143971,37.1994395662663,37.25794219970703,8100,0.0,0.0,0.0
2024-05-15 00:00:00-04:00,37.423706949592614,37.423706949592614,37.121429716003576,37.277442932128906,8200,0.0,0.0,0.0
2024-05-16 00:00:00-04:00,37.11167690468117,37.11167690468117,36.84840393066406,36.84840393066406,10900,0.0,0.0,0.0
2024-05-17 00:00:00-04:00,36.83865301228113,36.92641067504883,36.76064826740335,36.92641067504883,15100,0.0,0.0,0.0
2024-05-20 00:00:00-04:00,36.96541395306921,37.053171613571486,36.88740921020508,36.88740921020508,9500,0.0,0.0,0.0
2024-05-21 00:00:00-04:00,36.77039761800233,36.81915104870899,36.62413732588235,36.71189498901367,9300,0.0,0.0,0.0
2024-05-22 00:00:00-04:00,36.585133093457685,36.84840608285165,36.585133093457685,36.71189498901367,8300,0.0,0.0,0.0
2024-05-23 00:00:00-04:00,36.78989922638621,36.78989922638621,36.165846394799054,36.18534851074219,5400,0.0,0.0,0.0
2024-05-24 00:00:00-04:00,36.282856758807,36.31211179366499,36.09759222973237,36.16584777832031,5200,0.0,0.0,0.0
2024-05-28 00:00:00-04:00,36.12684061432984,36.214598272488054,35.95132529801341,36.01958084106445,10000,0.0,0.0,0.0
2024-05-29 00:00:00-04:00,35.600296170424215,35.61979828635586,35.385780334472656,35.385780334472656,15000,0.0,0.0,0.0
2024-05-30 00:00:00-04:00,35.337027303840244,35.61004949067239,35.337027303840244,35.51253890991211,15000,0.0,0.0,0.0
2024-05-31 00:00:00-04:00,35.63930014544712,36.029335021972656,35.54179328613987,36.029335021972656,11200,0.0,0.0,0.0
2024-06-03 00:00:00-04:00,36.078088288660936,36.12684171809435,35.63929998446379,35.84406661987305,17400,0.0,0.0,0.0
2024-06-04 00:00:00-04:00,35.66855433013849,35.66855433013849,35.405281352696214,35.56129455566406,10200,0.0,0.0,0.0
2024-06-05 00:00:00-04:00,35.58079734160026,35.58079734160026,35.07375349248619,35.44428253173828,103200,0.0,0.0,0.0
2024-06-06 00:00:00-04:00,35.395530854338496,35.6490546512686,35.395530854338496,35.5807991027832,18800,0.0,0.0,0.0
2024-06-07 00:00:00-04:00,35.37602615356445,35.6295499319754,35.33702564274197,35.37602615356445,7100,0.0,0.0,0.0
2024-06-10 00:00:00-04:00,35.29802141227134,35.45403461450571,35.259017181800715,35.37602615356445,7000,0.0,0.0,0.0
2024-06-11 00:00:00-04:00,35.18096092913354,35.22036923723705,34.99377710291652,35.1317024230957,40100,0.372,0.0,0.0
2024-06-12 00:00:00-04:00,35.43711194433462,35.634145972771194,35.13170318716481,35.240074157714844,11600,0.0,0.0,0.0
2024-06-13 00:00:00-04:00,35.10214939785073,35.171112060546875,34.855853100169284,35.171112060546875,10800,0.0,0.0,0.0
2024-06-14 00:00:00-04:00,34.983924949349735,35.07259176805965,34.80659507011321,35.04303741455078,14600,0.0,0.0,0.0
2024-06-17 00:00:00-04:00,34.964224745419735,35.259779556689395,34.92481643506822,35.22037124633789,14100,0.0,0.0,0.0
2024-06-18 00:00:00-04:00,35.13170318716481,35.36814928274517,35.13170318716481,35.240074157714844,14500,0.0,0.0,0.0
2024-06-20 00:00:00-04:00,35.2006671742769,35.43711327876092,35.2006671742769,35.279483795166016,10200,0.0,0.0,0.0
2024-06-21 00:00:00-04:00,35.14155462563487,35.2302214448341,35.10215007346669,35.22037124633789,13400,0.0,0.0,0.0
2024-06-24 00:00:00-04:00,35.28933431992373,35.732668421065156,35.28933431992373,35.63414764404297,17700,0.0,0.0,0.0
2024-06-25 00:00:00-04:00,35.31888826403333,35.31888826403333,35.1120002719629,35.22037124633789,8200,0.0,0.0,0.0
2024-06-26 00:00:00-04:00,34.98392648345853,35.31888961791992,34.98392648345853,35.31888961791992,11900,0.0,0.0,0.0
2024-06-27 00:00:00-04:00,35.25977839748705,35.328741059243306,35.22037008843113,35.29918670654297,4700,0.0,0.0,0.0
2024-06-28 00:00:00-04:00,35.45681868477935,35.5454855073158,35.10215139463353,35.25978088378906,11900,0.0,0.0,0.0
2024-07-01 00:00:00-04:00,35.28933349106136,35.318887844382175,34.80659484863281,34.80659484863281,11700,0.0,0.0,0.0
2024-07-02 00:00:00-04:00,34.70807294951239,34.95436924102882,34.70807294951239,34.94451904296875,21100,0.0,0.0,0.0
2024-07-03 00:00:00-04:00,34.99378014861547,35.14155567959069,34.954371837082036,35.02333450317383,4700,0.0,0.0,0.0
2024-07-05 00:00:00-04:00,35.013484089909966,35.013484089909966,34.481483162017675,34.78689193725586,18700,0.0,0.0,0.0
2024-07-08 00:00:00-04:00,34.777038549810435,34.8854095285464,34.68837172704314,34.71792984008789,13200,0.0,0.0,0.0
2024-07-09 00:00:00-04:00,34.61940609399859,34.61940609399859,34.32385129615906,34.34355545043945,14300,0.0,0.0,0.0
2024-07-10 00:00:00-04:00,34.31400309928785,34.43222427368164,34.23518647756974,34.43222427368164,14600,0.0,0.0,0.0
2024-07-11 00:00:00-04:00,34.57999849672671,35.06274089106807,34.57999849672671,34.993778228759766,21000,0.0,0.0,0.0
2024-07-12 00:00:00-04:00,35.20066844051692,35.407556440518036,35.17111408571204,35.31888961791992,19000,0.0,0.0,0.0
2024-07-15 00:00:00-04:00,35.289332186857266,35.43711146436633,35.17111101975989,35.36814880371094,11000,0.0,0.0,0.0
2024-07-16 00:00:00-04:00,35.38784918611198,36.00851688995463,35.3582948338948,35.96910858154297,9100,0.0,0.0,0.0
2024-07-17 00:00:00-04:00,35.92970462817566,36.510964033262475,35.92970462817566,36.5011100769043,9100,0.0,0.0,0.0
2024-07-18 00:00:00-04:00,36.382891748612906,36.64889221830461,36.15629959106445,36.15629959106445,10100,0.0,0.0,0.0
2024-07-19 00:00:00-04:00,36.06762923596424,36.06762923596424,35.732666131914364,35.850887298583984,5600,0.0,0.0,0.0
2024-07-22 00:00:00-04:00,35.91985137339463,35.94940948486328,35.70311318566307,35.94940948486328,18200,0.0,0.0,0.0
2024-07-23 00:00:00-04:00,35.72281242163663,35.74251657591439,35.48637008666992,35.48637008666992,7100,0.0,0.0,0.0
2024-07-24 00:00:00-04:00,35.1317042332607,35.34844618081456,35.04303741455078,35.04303741455078,8300,0.0,0.0,0.0
2024-07-25 00:00:00-04:00,35.28933431992373,35.91985226013227,35.28933431992373,35.63414764404297,7300,0.0,0.0,0.0
2024-07-26 00:00:00-04:00,35.850890624563235,36.05777862497439,35.850890624563235,35.978965759277344,5200,0.0,0.0,0.0
2024-07-29 00:00:00-04:00,36.05777758977996,36.05777758977996,35.476518158990835,35.63414764404297,11600,0.0,0.0,0.0
2024-07-30 00:00:00-04:00,35.318889399337465,35.68341064453125,35.26963088890636,35.68341064453125,4200,0.0,0.0,0.0
2024-07-31 00:00:00-04:00,35.880442867257436,36.04792630405258,35.76222169657944,35.77207565307617,9300,0.0,0.0,0.0
2024-08-01 00:00:00-04:00,35.53563175022406,35.634148772181824,34.75733449893387,34.836151123046875,16500,0.0,0.0,0.0
2024-08-02 00:00:00-04:00,34.580000183108616,34.580000183108616,34.067707169030285,34.18592834472656,18300,0.0,0.0,0.0
2024-08-05 00:00:00-04:00,33.53570443682001,33.87066754842381,33.00370353753459,33.67362976074219,87600,0.0,0.0,0.0
2024-08-06 00:00:00-04:00,33.713040073682045,33.959336383377135,33.713040073682045,33.762298583984375,12200,0.0,0.0,0.0
2024-08-07 00:00:00-04:00,34.04800328729636,34.37311246262244,33.8214111328125,33.8214111328125,40100,0.0,0.0,0.0
2024-08-08 00:00:00-04:00,34.077557367761884,34.22533665601979,33.97904034771223,34.18592834472656,29600,0.0,0.0,0.0
2024-08-09 00:00:00-04:00,34.23518742522483,34.23518742522483,33.9790409139174,34.116966247558594,52600,0.0,0.0,0.0
2024-08-12 00:00:00-04:00,34.20563105948246,34.2548895674323,34.00859326949981,34.028297424316406,32900,0.0,0.0,0.0
2024-08-13 00:00:00-04:00,34.28444442287484,34.50118637084961,34.19577760399274,34.50118637084961,12300,0.0,0.0,0.0
2024-08-14 00:00:00-04:00,34.44207266464507,34.52088928222656,34.373110003352856,34.52088928222656,8100,0.0,0.0,0.0
2024-08-15 00:00:00-04:00,34.81644669091575,35.33859366788142,34.81644669091575,35.20066833496094,18600,0.0,0.0,0.0
2024-08-16 00:00:00-04:00,35.09229762248051,35.43711471557617,35.09229762248051,35.43711471557617,15100,0.0,0.0,0.0
2024-08-19 00:00:00-04:00,35.427259541127114,35.62429733638498,35.427259541127114,35.515926361083984,13500,0.0,0.0,0.0
2024-08-20 00:00:00-04:00,35.43711387524573,35.43711387524573,35.269630432128906,35.269630432128906,3900,0.0,0.0,0.0
2024-08-21 00:00:00-04:00,35.44696189307881,35.62429552397057,35.437111694999565,35.604591369628906,6200,0.0,0.0,0.0
2024-08-22 00:00:00-04:00,35.555335322914864,35.555335322914864,35.40755603421927,35.50607681274414,9000,0.0,0.0,0.0
2024-08-23 00:00:00-04:00,35.59474419324078,36.03807830810547,35.59474419324078,36.03807830810547,7800,0.0,0.0,0.0
2024-08-26 00:00:00-04:00,36.08733624957001,36.274520091477456,36.01837358369972,36.10704040527344,8300,0.0,0.0,0.0
2024-08-27 00:00:00-04:00,36.07748212878825,36.07748212878825,35.86074393340164,35.98881530761719,6200,0.0,0.0,0.0
2024-08-28 00:00:00-04:00,35.84104042566991,35.98881595817067,35.801632113729646,35.978965759277344,39500,0.0,0.0,0.0
2024-08-29 00:00:00-04:00,36.02822248516677,36.27451878531595,35.87059300339863,36.126739501953125,8200,0.0,0.0,0.0
2024-08-30 00:00:00-04:00,36.21540468353405,36.34347980611442,36.02822085682666,36.3336296081543,8400,0.0,0.0,0.0
2024-09-03 00:00:00-04:00,36.11688896679669,36.11688896679669,35.69325903383533,35.77207565307617,14700,0.0,0.0,0.0
2024-09-04 00:00:00-04:00,35.74251964581925,36.22526207162876,35.74251964581925,35.978965759277344,61600,0.0,0.0,0.0
2024-09-05 00:00:00-04:00,35.97896480962167,36.16614864912203,35.65385188197101,35.693260192871094,11600,0.0,0.0,0.0
2024-09-06 00:00:00-04:00,35.575039314328976,35.84103977784256,35.378001516372606,35.38785171508789,14000,0.0,0.0,0.0
2024-09-09 00:00:00-04:00,35.57503766658773,35.72281318957288,35.525779158926014,35.59474182128906,8800,0.0,0.0,0.0
2024-09-10 00:00:00-04:00,35.53562907338635,35.53562907338635,35.21051991886886,35.35829544067383,4400,0.0,0.0,0.0
2024-09-11 00:00:00-04:00,35.25978098907426,35.37800216674805,34.816446875068195,35.37800216674805,39000,0.0,0.0,0.0
2024-09-12 00:00:00-04:00,35.328743760687686,35.52578156285076,35.22037278158883,35.49622344970703,10200,0.0,0.0,0.0
2024-09-13 00:00:00-04:00,35.64400007658038,35.959259033203125,35.64400007658038,35.959259033203125,13100,0.0,0.0,0.0
2024-09-16 00:00:00-04:00,36.16614968492367,36.16614968492367,35.850890705060664,36.03807830810547,6200,0.0,0.0,0.0
2024-09-17 00:00:00-04:00,36.107039837655236,36.343482186012565,36.08733568226157,36.176002502441406,11900,0.0,0.0,0.0
2024-09-18 00:00:00-04:00,36.205555076749704,36.68829746470696,36.205555076749704,36.32377624511719,4500,0.0,0.0,0.0
2024-09-19 00:00:00-04:00,36.776965638422595,37.062666492677515,36.66859466417476,36.964149475097656,10900,0.0,0.0,0.0
2024-09-20 00:00:00-04:00,36.76711064023016,36.76711064023016,36.510964146868545,36.61933135986328,2800,0.0,0.0,0.0
2024-09-23 00:00:00-04:00,36.59963048560508,36.75725996211956,36.59963048560508,36.747406005859375,7600,0.0,0.0,0.0
2024-09-24 00:00:00-04:00,36.944444754527424,37.12177839000382,36.905036444825285,37.033111572265625,8100,0.0,0.0,0.0
2024-09-25 00:00:00-04:00,37.00355605074267,37.042960601017406,36.54051782182043,36.570072174072266,4600,0.0,0.0,0.0
2024-09-26 00:00:00-04:00,36.86562824629736,37.26955778468758,36.86562824629736,37.15133285522461,40100,0.0,0.0,0.0
2024-09-27 00:00:00-04:00,37.30896081357299,37.69318242318756,37.2202939991863,37.476444244384766,7400,0.0,0.0,0.0
2024-09-30 00:00:00-04:00,37.38777742999809,37.535552948520476,37.358219319747114,37.476444244384766,9600,0.0,0.0,0.0
2024-10-01 00:00:00-04:00,37.43703726261825,37.65377920728363,37.25970362756171,37.51585388183594,10400,0.0,0.0,0.0
2024-10-02 00:00:00-04:00,37.535553064841736,37.82125766299344,37.535553064841736,37.59466552734375,7200,0.0,0.0,0.0
2024-10-03 00:00:00-04:00,37.41733407416686,37.41733407416686,37.082370950207334,37.25970458984375,1900,0.0,0.0,0.0
2024-10-04 00:00:00-04:00,37.40748531131087,37.45674382239302,37.33852264415917,37.417335510253906,13200,0.0,0.0,0.0
2024-10-07 00:00:00-04:00,37.368076813189745,37.368076813189745,37.14148465679283,37.2400016784668,7200,0.0,0.0,0.0
2024-10-08 00:00:00-04:00,36.92474279172981,36.92474279172981,36.61933401068235,36.698150634765625,31400,0.0,0.0,0.0
2024-10-09 00:00:00-04:00,36.61933220448621,36.954295323951584,36.61933220448621,36.78681564331055,5600,0.0,0.0,0.0
2024-10-10 00:00:00-04:00,36.79666471284928,36.924739837646484,36.69814769881031,36.924739837646484,8900,0.0,0.0,0.0
2024-10-11 00:00:00-04:00,36.96414902084983,37.210445319956094,36.96414902084983,37.15133285522461,5300,0.0,0.0,0.0
2024-10-14 00:00:00-04:00,37.042963690807206,37.06266784667969,36.885334202010796,37.06266784667969,4800,0.0,0.0,0.0
2024-10-15 00:00:00-04:00,36.93459666741478,36.99370537716345,36.6390380859375,36.6390380859375,22500,0.0,0.0,0.0
2024-10-16 00:00:00-04:00,36.68830013516642,37.02326326840816,36.68830013516642,37.00355911254883,3300,0.0,0.0,0.0
2024-10-17 00:00:00-04:00,36.934594359463,36.934594359463,36.68829806241136,36.855777740478516,12100,0.0,0.0,0.0
2024-10-18 00:00:00-04:00,37.0035564554242,37.0035564554242,36.86562737431319,36.924739837646484,2700,0.0,0.0,0.0
2024-10-21 00:00:00-04:00,36.82622318940093,36.885331895138165,36.61933144477095,36.678443908691406,17500,0.0,0.0,0.0
2024-10-22 00:00:00-04:00,36.570072852468726,36.639035514457746,36.32377655731275,36.61933135986328,57400,0.0,0.0,0.0
2024-10-23 00:00:00-04:00,36.461704520699286,36.708000833684295,36.461704520699286,36.698150634765625,4900,0.0,0.0,0.0
2024-10-24 00:00:00-04:00,36.757262614696415,36.82622528076172,36.6094833255945,36.82622528076172,5200,0.0,0.0,0.0
2024-10-25 00:00:00-04:00,36.84592927280667,37.07252142575495,36.70800018310547,36.70800018310547,50000,0.0,0.0,0.0
2024-10-28 00:00:00-04:00,36.97399778067059,37.06266459522642,36.81636830570278,36.99370193481445,6400,0.0,0.0,0.0
2024-10-29 00:00:00-04:00,36.8853325488681,36.944445013836216,36.66859436035156,36.66859436035156,10200,0.0,0.0,0.0
2024-10-30 00:00:00-04:00,36.5602241437844,37.02326240016119,36.5602241437844,36.7769660949707,11500,0.0,0.0,0.0
2024-10-31 00:00:00-04:00,36.688300249211736,36.74740895879002,36.520816802978516,36.520816802978516,13200,0.0,0.0,0.0
2024-11-01 00:00:00-04:00,36.658738872585374,36.73755548925082,36.45185089111328,36.45185089111328,9400,0.0,0.0,0.0
2024-11-04 00:00:00-05:00,36.73755713477985,36.9641492805677,36.70799902311479,36.78681564331055,8600,0.0,0.0,0.0
2024-11-05 00:00:00-05:00,36.59963132901281,36.91489028930664,36.59963132901281,36.91489028930664,3300,0.0,0.0,0.0
2024-11-06 00:00:00-05:00,37.27940650246447,37.377923514920965,36.67844295520369,36.934593200683594,5700,0.0,0.0,0.0
2024-11-07 00:00:00-05:00,36.86562737431319,37.01340665355483,36.74740620582979,36.924739837646484,25800,0.0,0.0,0.0
2024-11-08 00:00:00-05:00,36.461702135357875,36.50111044482141,36.18585148547967,36.25481414794922,7200,0.0,0.0,0.0
2024-11-11 00:00:00-05:00,36.19570687410073,36.442003180718174,36.19570687410073,36.412445068359375,12600,0.0,0.0,0.0
2024-11-12 00:00:00-05:00,36.27451913352796,36.27451913352796,35.82133483886719,35.82133483886719,10100,0.0,0.0,0.0
2024-11-13 00:00:00-05:00,35.69326084334409,35.81148202001545,35.565185709676456,35.68341064453125,7700,0.0,0.0,0.0
2024-11-14 00:00:00-05:00,35.712963188645546,35.910000978564376,35.68340883552186,35.77207565307617,7200,0.0,0.0,0.0
2024-11-15 00:00:00-05:00,35.772074323781,35.86074113804044,35.712961861547,35.732666015625,10500,0.0,0.0,0.0
2024-11-18 00:00:00-05:00,35.95925911820605,36.07748028767323,35.82133379413046,36.01837158203125,10500,0.0,0.0,0.0
2024-11-19 00:00:00-05:00,35.8016314665598,36.057777973174304,35.8016314665598,35.98881530761719,6200,0.0,0.0,0.0
2024-11-20 00:00:00-05:00,35.949409706672824,36.195706007392694,35.93955575006138,36.18585205078125,7700,0.0,0.0,0.0
2024-11-21 00:00:00-05:00,36.38288905143719,37.35822027648564,36.38288905143719,37.22029495239258,17500,0.0,0.0,0.0
2024-11-22 00:00:00-05:00,37.23999947275729,37.65377920728363,37.11192434562018,37.51585388183594,31100,0.0,0.0,0.0
2024-11-25 00:00:00-05:00,37.61437028074233,38.264592345890584,37.61437028074233,38.12666702270508,31000,0.0,0.0,0.0
2024-11-26 00:00:00-05:00,37.9099266915765,37.9099266915765,37.74244700864809,37.86066818237305,4600,0.0,0.0,0.0
2024-11-27 00:00:00-05:00,37.998592461216695,38.097109476900805,37.98874226292158,38.05770492553711,6300,0.0,0.0,0.0
2024-11-29 00:00:00-05:00,38.09711023797971,38.22518536747425,38.09711023797971,38.16607666015625,8800,0.0,0.0,0.0
2024-12-02 00:00:00-05:00,38.17592505176317,38.28429602096135,37.90992460687213,38.25474166870117,13600,0.0,0.0,0.0
2024-12-03 00:00:00-05:00,38.31385088196925,38.33355503646539,38.16607536052299,38.18577575683594,9300,0.0,0.0,0.0
2024-12-04 00:00:00-05:00,38.21533682403768,38.21533682403768,37.821261219995286,37.95918655395508,11200,0.0,0.0,0.0
2024-12-05 00:00:00-05:00,37.978890498510005,37.978890498510005,37.72274398803711,37.72274398803711,13700,0.0,0.0,0.0
2024-12-06 00:00:00-05:00,37.732593153112326,37.732593153112326,37.34837151883806,37.377925872802734,11800,0.0,0.0,0.0
2024-12-09 00:00:00-05:00,37.5355550655456,38.06755598187081,37.5355550655456,37.68333435058594,15400,0.0,0.0,0.0
2024-12-10 00:00:00-05:00,37.63407746883555,37.643927667778584,37.21044750879879,37.417335510253906,12500,0.0,0.0,0.0
2024-12-11 00:00:00-05:00,37.75229636355894,37.8114088281921,37.63407519247589,37.69318389892578,16300,0.0,0.0,0.0
2024-12-12 00:00:00-05:00,37.71288965399555,37.71288965399555,37.328668013035326,37.36807632446289,6800,0.0,0.0,0.0
2024-12-13 00:00:00-05:00,37.26955865553779,37.377925872802734,37.09222501538299,37.377925872802734,9600,0.0,0.0,0.0
2024-12-16 00:00:00-05:00,37.21044512292818,37.249853432540505,36.9739990234375,36.9739990234375,10200,0.0,0.0,0.0
2024-12-17 00:00:00-05:00,36.810001373291016,36.88999938964844,36.58000183105469,36.88999938964844,17800,0.556,0.0,0.0
2024-12-18 00:00:00-05:00,36.720001220703125,36.810001373291016,35.70000076293945,35.70000076293945,15000,0.0,0.0,0.0
2024-12-19 00:00:00-05:00,35.709999084472656,35.77000045776367,35.209999084472656,35.29999923706055,26200,0.0,0.0,0.0
2024-12-20 00:00:00-05:00,35.220001220703125,35.83000183105469,35.220001220703125,35.61000061035156,17500,0.0,0.0,0.0
2024-12-23 00:00:00-05:00,35.459999084472656,35.54999923706055,35.189998626708984,35.54999923706055,31700,0.0,0.0,0.0
2024-12-24 00:00:00-05:00,35.709999084472656,35.709999084472656,35.45000076293945,35.65999984741211,13300,0.0,0.0,0.0
2024-12-26 00:00:00-05:00,35.529998779296875,35.790000915527344,35.52000045776367,35.66999816894531,26900,0.0,0.0,0.0
2024-12-27 00:00:00-05:00,35.470001220703125,35.650001525878906,35.41999816894531,35.56999969482422,30000,0.0,0.0,0.0
2024-12-30 00:00:00-05:00,35.41999816894531,35.41999816894531,35.08000183105469,35.2599983215332,101800,0.0,0.0,0.0
2024-12-31 00:00:00-05:00,35.459999084472656,35.52000045776367,35.310001373291016,35.43000030517578,18600,0.0,0.0,0.0
2025-01-02 00:00:00-05:00,35.599998474121094,35.70000076293945,35.29999923706055,35.33000183105469,18400,0.0,0.0,0.0
2025-01-03 00:00:00-05:00,35.470001220703125,35.56999969482422,35.38999938964844,35.529998779296875,16600,0.0,0.0,0.0
2025-01-06 00:00:00-05:00,35.63999938964844,36.0099983215332,35.4900016784668,35.4900016784668,76200,0.0,0.0,0.0
2025-01-07 00:00:00-05:00,35.540000915527344,35.61000061035156,35.220001220703125,35.310001373291016,13800,0.0,0.0,0.0
2025-01-08 00:00:00-05:00,35.060001373291016,35.119998931884766,34.939998626708984,35.099998474121094,13200,0.0,0.0,0.0
2025-01-10 00:00:00-05:00,34.900001525878906,35.209999084472656,34.7599983215332,35.11000061035156,14200,0.0,0.0,0.0
2025-01-13 00:00:00-05:00,34.959999084472656,36.13999938964844,34.959999084472656,36.130001068115234,15000,0.0,0.0,0.0
2025-01-14 00:00:00-05:00,36.25,36.43000030517578,36.11000061035156,36.380001068115234,28300,0.0,0.0,0.0
2025-01-15 00:00:00-05:00,36.880001068115234,36.880001068115234,36.43000030517578,36.52000045776367,10600,0.0,0.0,0.0
2025-01-16 00:00:00-05:00,36.5099983215332,36.7400016784668,36.470001220703125,36.7400016784668,7000,0.0,0.0,0.0
2025-01-17 00:00:00-05:00,36.84000015258789,37.33000183105469,36.84000015258789,37.33000183105469,7300,0.0,0.0,0.0
2025-01-21 00:00:00-05:00,37.470001220703125,37.72999954223633,37.34000015258789,37.72999954223633,10800,0.0,0.0,0.0
2025-01-22 00:00:00-05:00,37.63999938964844,37.790000915527344,37.52000045776367,37.52000045776367,9400,0.0,0.0,0.0
2025-01-23 00:00:00-05:00,37.56999969482422,38.189998626708984,37.56999969482422,38.189998626708984,9900,0.0,0.0,0.0
2025-01-24 00:00:00-05:00,38.15999984741211,38.15999984741211,37.959999084472656,38.09000015258789,11600,0.0,0.0,0.0
2025-01-27 00:00:00-05:00,38.040000915527344,38.41999816894531,38.040000915527344,38.400001525878906,16700,0.0,0.0,0.0
2025-01-28 00:00:00-05:00,38.369998931884766,38.439998626708984,38.130001068115234,38.189998626708984,12800,0.0,0.0,0.0
2025-01-29 00:00:00-05:00,38.290000915527344,38.4900016784668,38.290000915527344,38.400001525878906,10600,0.0,0.0,0.0
2025-01-30 00:00:00-05:00,38.459999084472656,38.779998779296875,38.459999084472656,38.619998931884766,17900,0.0,0.0,0.0
2025-01-31 00:00:00-05:00,38.540000915527344,38.56999969482422,38.130001068115234,38.220001220703125,5500,0.0,0.0,0.0
2025-02-03 00:00:00-05:00,37.720001220703125,37.81999969482422,37.220001220703125,37.63999938964844,15400,0.0,0.0,0.0
2025-02-04 00:00:00-05:00,37.650001525878906,38.0,37.650001525878906,37.95000076293945,12600,0.0,0.0,0.0
2025-02-05 00:00:00-05:00,37.61000061035156,37.61000061035156,37.279998779296875,37.29999923706055,16800,0.0,0.0,0.0
2025-02-06 00:00:00-05:00,37.369998931884766,37.369998931884766,36.88999938964844,36.939998626708984,10500,0.0,0.0,0.0
2025-02-07 00:00:00-05:00,36.959999084472656,37.11000061035156,36.779998779296875,36.84000015258789,8500,0.0,0.0,0.0
2025-02-10 00:00:00-05:00,37.09000015258789,37.16999816894531,36.869998931884766,37.16999816894531,14100,0.0,0.0,0.0
2025-02-11 00:00:00-05:00,36.97999954223633,37.310001373291016,36.97999954223633,37.279998779296875,8900,0.0,0.0,0.0
2025-02-12 00:00:00-05:00,36.95000076293945,37.11000061035156,36.83000183105469,37.0099983215332,8300,0.0,0.0,0.0
2025-02-13 00:00:00-05:00,36.56999969482422,37.189998626708984,36.5,37.0099983215332,8900,0.0,0.0,0.0
2025-02-14 00:00:00-05:00,37.040000915527344,37.5,37.040000915527344,37.439998626708984,6500,0.0,0.0,0.0
2025-02-18 00:00:00-05:00,37.40999984741211,37.9900016784668,37.40999984741211,37.959999084472656,16100,0.0,0.0,0.0
2025-02-19 00:00:00-05:00,37.81999969482422,38.22999954223633,37.72999954223633,38.08000183105469,20200,0.0,0.0,0.0
2025-02-20 00:00:00-05:00,38.189998626708984,38.189998626708984,37.68000030517578,37.84000015258789,25500,0.0,0.0,0.0
2025-02-21 00:00:00-05:00,38.0099983215332,38.040000915527344,37.56999969482422,37.56999969482422,13200,0.0,0.0,0.0
2025-02-24 00:00:00-05:00,37.63999938964844,37.63999938964844,37.36000061035156,37.38999938964844,6700,0.0,0.0,0.0
2025-02-25 00:00:00-05:00,37.470001220703125,37.90999984741211,37.470001220703125,37.77000045776367,161300,0.0,0.0,0.0
2025-02-26 00:00:00-05:00,37.709999084472656,37.709999084472656,37.25,37.380001068115234,26700,0.0,0.0,0.0
2025-02-27 00:00:00-05:00,37.29999923706055,37.540000915527344,37.209999084472656,37.2400016784668,7800,0.0,0.0,0.0
2025-02-28 00:00:00-05:00,37.220001220703125,37.25,36.86000061035156,37.25,9900,0.0,0.0,0.0
2025-03-03 00:00:00-05:00,37.279998779296875,37.369998931884766,36.099998474121094,36.13999938964844,48700,0.0,0.0,0.0
2025-03-04 00:00:00-05:00,35.900001525878906,35.97999954223633,35.41999816894531,35.810001373291016,16700,0.0,0.0,0.0
2025-03-05 00:00:00-05:00,35.91999816894531,36.560001373291016,35.91999816894531,36.5,20300,0.0,0.0,0.0
2025-03-06 00:00:00-05:00,36.369998931884766,37.20000076293945,36.369998931884766,37.130001068115234,7800,0.0,0.0,0.0
2025-03-07 00:00:00-05:00,37.130001068115234,37.81999969482422,37.130001068115234,37.81999969482422,8300,0.0,0.0,0.0
2025-03-10 00:00:00-04:00,37.52000045776367,37.9900016784668,37.18000030517578,37.5099983215332,26100,0.0,0.0,0.0
2025-03-11 00:00:00-04:00,37.380001068115234,37.47999954223633,36.95000076293945,36.95000076293945,15400,0.0,0.0,0.0
2025-03-12 00:00:00-04:00,37.11000061035156,37.11000061035156,36.54999923706055,36.70000076293945,17200,0.0,0.0,0.0
2025-03-13 00:00:00-04:00,36.54999923706055,36.84000015258789,36.29999923706055,36.310001373291016,3900,0.0,0.0,0.0
2025-03-14 00:00:00-04:00,36.54999923706055,37.0,36.54999923706055,36.970001220703125,10600,0.0,0.0,0.0
2025-03-17 00:00:00-04:00,37.040000915527344,37.66999816894531,37.040000915527344,37.529998779296875,4400,0.0,0.0,0.0
2025-03-18 00:00:00-04:00,37.5,37.630001068115234,37.34000015258789,37.45000076293945,6500,0.0,0.0,0.0
2025-03-19 00:00:00-04:00,37.5,37.58000183105469,37.47999954223633,37.52000045776367,5700,0.0,0.0,0.0
2025-03-20 00:00:00-04:00,37.33000183105469,37.459999084472656,37.02000045776367,37.38999938964844,17200,0.0,0.0,0.0
2025-03-21 00:00:00-04:00,37.13999938964844,37.279998779296875,37.0099983215332,37.06999969482422,6300,0.0,0.0,0.0
2025-03-24 00:00:00-04:00,37.279998779296875,37.45000076293945,37.18000030517578,37.349998474121094,13500,0.0,0.0,0.0
2025-03-25 00:00:00-04:00,37.369998931884766,37.369998931884766,37.11000061035156,37.16999816894531,4500,0.0,0.0,0.0
2025-03-26 00:00:00-04:00,37.18000030517578,37.40999984741211,37.18000030517578,37.369998931884766,7300,0.0,0.0,0.0
2025-03-27 00:00:00-04:00,37.43000030517578,37.66999816894531,37.43000030517578,37.54999923706055,36100,0.0,0.0,0.0
2025-03-28 00:00:00-04:00,37.45000076293945,37.45000076293945,36.790000915527344,36.849998474121094,133300,0.0,0.0,0.0
2025-03-31 00:00:00-04:00,36.68000030517578,37.09000015258789,36.65999984741211,37.09000015258789,9800,0.0,0.0,0.0
2025-04-01 00:00:00-04:00,37.060001373291016,37.36000061035156,36.849998474121094,37.34000015258789,9600,0.0,0.0,0.0
2025-04-02 00:00:00-04:00,37.15999984741211,37.38999938964844,37.15999984741211,37.38999938964844,19400,0.0,0.0,0.0
2025-04-03 00:00:00-04:00,36.7599983215332,36.90999984741211,36.459999084472656,36.459999084472656,13900,0.0,0.0,0.0
2025-04-04 00:00:00-04:00,35.290000915527344,35.290000915527344,34.36000061035156,34.630001068115234,26900,0.0,0.0,0.0
2025-04-07 00:00:00-04:00,33.790000915527344,34.91999816894531,33.40999984741211,33.959999084472656,35700,0.0,0.0,0.0
2025-04-08 00:00:00-04:00,34.869998931884766,34.869998931884766,33.189998626708984,33.43000030517578,27200,0.0,0.0,0.0
2025-04-09 00:00:00-04:00,33.130001068115234,35.95000076293945,33.130001068115234,35.75,19700,0.0,0.0,0.0
2025-04-10 00:00:00-04:00,35.02000045776367,35.38999938964844,34.349998474121094,35.189998626708984,12700,0.0,0.0,0.0
2025-04-11 00:00:00-04:00,35.29999923706055,36.40999984741211,35.290000915527344,36.27000045776367,9200,0.0,0.0,0.0
2025-04-14 00:00:00-04:00,36.56999969482422,37.0,36.56999969482422,36.83000183105469,23180,0.0,0.0,0.0
